d	s	a	m_i
0	0	0	# this is a pseudo-entry, which corresponds to van-der-Corput (identity generation matrix)
1	1	0	1
2	2	1	1	1
3	4	1	1	1	1	15
4	5	2	1	1	5	15	27
5	10	26	1	3	7	9	3	3	103	57	333	793
6	5	11	1	3	3	1	5
7	10	145	1	3	7	3	9	33	23	17	197	779
8	6	4	1	1	1	3	17	9
9	12	4	1	3	5	15	7	39	81	131	325	319	1351	39
10	8	47	1	1	1	9	9	33	61	205
11	16	2053	1	1	5	13	19	25	17	49	165	357	177	2617	4599	12765	14637	9381
12	8	38	1	3	3	9	9	29	121	231
13	16	2190	1	3	7	7	7	63	39	21	333	807	643	1099	1019	2979	443	38953
14	6	13	1	3	3	9	31	55
15	12	143	1	1	5	5	27	9	13	165	433	913	1087	2477
16	8	67	1	1	3	13	31	31	45	109
17	16	8393	1	3	7	13	23	47	115	77	75	581	1053	679	7529	13805	9785	65327
18	8	124	1	1	5	7	17	53	67	253
19	16	10844	1	1	3	1	9	63	43	57	7	339	689	1367	7611	14109	27749	49279
20	10	127	1	3	3	9	15	53	87	81	39	63
21	20	10453	1	3	5	11	3	45	15	237	501	385	1625	1083	2909	11219	31883	27701	67079	53637	113261	514729
22	10	194	1	3	7	5	27	9	31	45	259	513
23	20	41674	1	1	5	7	17	5	91	169	17	301	1965	2781	3513	6907	14205	7681	73943	103205	178917	123873
24	10	324	1	3	3	9	9	9	9	183	347	805
25	20	140132	1	1	7	1	1	25	59	23	421	741	2003	2095	1937	9179	9327	59375	71901	199989	183639	157059
26	10	342	1	3	5	5	3	37	29	195	9	537
27	20	139646	1	1	5	5	31	49	87	199	501	765	1219	3183	5363	15867	10833	63563	61593	107901	431767	377627
28	10	352	1	3	3	9	23	55	57	203	407	577
29	20	142176	1	3	5	15	29	33	61	39	437	507	1919	1861	6631	7145	32567	7239	92331	117241	151727	677485
30	10	426	1	1	7	1	17	19	65	139	241	731
31	20	166690	1	3	5	7	11	29	3	141	75	469	1559	2953	5915	2149	7037	8003	47201	21363	270297	59515
32	10	379	1	3	1	9	21	51	103	31	417	477
33	20	141809	1	3	5	1	29	11	85	143	319	583	423	2821	711	8967	29579	61877	4855	135305	326709	1039301
34	10	419	1	1	1	15	5	19	67	241	85	1011
35	20	166825	1	1	7	15	11	51	59	97	489	965	1855	2651	4605	4521	29501	34749	62213	202735	6099	761519
36	12	465	1	3	7	13	13	27	1	43	83	201	1045	3329
37	24	175059	1	1	7	7	17	53	89	209	315	643	97	3391	6473	16025	23759	7135	66665	132413	214705	592201	1652195	566459	2328409	10332631
38	12	494	1	1	3	5	7	23	127	163	315	549	119	1213
39	24	172358	1	3	7	7	31	49	43	57	423	783	455	1771	1193	15787	15823	12319	69559	37977	14019	757265	1034495	2133351	5283167	16471011
40	12	724	1	1	7	9	31	53	11	177	91	727	455	3795
41	24	567540	1	3	5	15	15	27	111	123	385	109	1583	453	525	679	32673	48227	126907	93959	45363	688695	287069	3160161	7343819	1046929
42	12	747	1	3	1	15	27	35	13	147	201	691	1027	1123
43	24	565857	1	3	7	13	21	53	13	219	135	617	533	1501	1861	1031	30307	14177	23401	206945	3705	120623	1676755	2142949	3975401	7689113
44	12	812	1	1	5	15	15	15	115	29	105	499	597	1899
45	24	656268	1	3	5	13	1	7	67	167	353	673	1255	2611	2837	1527	3017	7033	85021	35755	59775	616931	662213	869333	6473579	9203791
46	12	841	1	1	1	3	23	13	53	225	385	1023	865	1969
47	24	666571	1	1	5	7	9	59	5	153	509	515	1087	2111	6277	5093	16841	25243	124581	181119	308905	597549	442241	1818783	6678643	3687851
48	12	868	1	3	1	3	11	25	53	109	343	583	175	3337
49	24	664388	1	1	5	9	3	7	29	223	287	797	2015	223	8053	2533	15881	34517	14319	219067	265129	78571	1376579	3724825	4095723	14280323
50	12	942	1	3	7	3	15	33	15	115	63	709	1279	3765
51	24	688902	1	1	5	9	31	45	15	201	325	995	775	3865	981	14701	6377	50437	17027	101281	70971	970245	1185425	2582719	4806363	14729789
52	12	985	1	3	5	9	25	61	87	63	245	115	1771	893
53	24	698715	1	3	1	11	3	3	11	63	137	801	365	907	7949	8759	30813	14063	41535	181959	349439	870347	127389	1124261	4448657	9267943
54	12	1021	1	3	7	13	3	31	95	221	375	809	937	2121
55	24	696671	1	1	3	15	29	53	83	239	59	683	1707	2103	4773	5973	9855	41443	14585	103345	112895	545587	2055999	3458351	218143	11133859
56	12	1165	1	1	5	11	19	61	69	115	69	907	1665	1629
57	24	2133039	1	3	1	13	11	35	109	9	473	181	925	139	7111	15133	10923	7083	80109	243177	353103	708967	1250439	2342763	3158523	13660365
58	12	1202	1	3	3	3	21	25	83	167	203	463	883	2713
59	24	2131642	1	1	3	9	25	7	119	197	467	597	35	2543	2799	14351	31405	22307	108207	59433	38261	464671	920349	342015	7709709	7700485
60	12	1296	1	3	3	11	1	5	19	231	175	149	987	3235
61	24	2232080	1	3	5	1	19	9	35	95	497	955	1309	187	1647	16245	25591	51799	78933	163291	249453	285805	294707	2658805	2109279	9329117
62	12	1332	1	1	3	13	27	63	87	117	181	721	1515	1251
63	24	2230036	1	3	3	7	19	17	3	7	233	955	1899	2141	7523	11549	31185	40765	125185	194075	327517	943541	1542107	1502181	5202185	1397143
64	12	1534	1	3	1	11	9	5	105	187	319	707	363	2927
65	24	2271062	1	1	5	1	5	19	97	97	199	305	747	3609	363	3583	24227	9327	100019	148733	291379	982031	657505	3841243	5772597	3799659
66	12	1615	1	3	1	13	25	27	101	159	181	289	1343	3805
67	24	2633445	1	1	5	11	13	53	13	93	169	423	719	2571	7627	3035	16447	5433	86435	162999	281807	111807	497803	3904749	5171993	9569709
68	12	1687	1	1	7	3	11	39	65	119	289	255	933	1043
69	24	2657469	1	3	7	15	5	23	41	173	141	771	667	3467	4715	9865	9801	31561	130499	204389	12479	889367	1238447	2739729	1030581	16112789
70	12	1722	1	1	7	1	23	63	71	175	373	965	1795	3489
71	24	2655282	1	1	1	7	17	39	95	135	411	43	1797	909	3519	5371	8027	2573	35607	253069	437545	179121	2058157	223333	4581611	6945887
72	12	1921	1	1	1	7	1	55	41	113	357	333	781	1565
73	24	2789251	1	3	5	9	5	3	33	123	297	163	1009	2505	7583	7009	25251	44259	20215	27561	376775	807961	1623167	300625	5830743	6892043
74	12	1982	1	1	3	9	23	33	59	249	23	789	1767	1395
75	24	2786582	1	1	7	5	9	7	127	241	91	145	1601	1089	6591	9699	13221	45227	121507	44277	224657	30127	1408473	3146055	5135299	175459
76	16	167	1	3	1	11	29	61	33	187	191	725	1189	1461	6399	10817	14999	19801
77	32	2189	1	3	5	15	21	13	27	227	159	117	593	937	1823	369	22525	18597	82433	141827	391173	451087	605717	3188749	2173467	4625123	21265055	32871029	110150225	23615913	250054943	939766129	1576629757	3634793125
78	16	174	1	3	5	15	3	29	21	119	485	37	1781	3989	5417	1123	9179	60271
79	32	2054	1	1	1	5	31	21	91	235	397	951	673	3783	2465	13891	32277	64835	24577	121345	390145	179717	686623	3648021	551515	4908267	31766925	18856375	107505313	255576263	315691937	450466883	822250517	1818779971
80	16	208	1	3	3	11	7	29	111	45	25	813	753	3467	5677	11173	7853	30565
81	32	8912	1	1	3	13	5	15	23	177	89	879	549	3837	627	11463	7185	1337	45569	78849	344067	655885	984069	2487823	1216535	7635633	28205657	51517295	10403365	142311677	193967731	422479559	50723857	3046685497
82	16	230	1	3	5	9	1	21	87	53	49	1021	1051	873	2163	12443	28383	44071
83	32	10446	1	1	7	1	15	63	127	17	33	575	1549	2865	7261	781	29479	44667	126465	116737	278535	894465	2094095	744511	7505535	2957329	30464545	34882111	74209805	42189105	378880093	365255437	1963301159	3696449147
84	16	268	1	3	1	13	5	15	81	153	235	729	1225	857	5881	12297	29951	19857
85	32	164268	1	3	7	3	19	41	115	33	155	345	575	3399	231	14747	19809	3241	3457	15491	492679	446595	892563	4168105	3246067	12845473	5233179	15465433	103857343	172663751	368218983	84990747	674856161	2385610793
86	16	279	1	3	1	7	7	5	125	129	181	365	1177	3393	3925	14829	5953	29979
87	32	164669	1	1	7	5	13	9	75	89	285	751	1615	3287	5635	14113	13679	25855	11905	110209	439431	556165	2061709	2283145	6233291	5493209	22725789	29681263	99214287	191341911	31861123	639884193	1246039791	2032962943
88	16	398	1	3	3	11	7	49	119	255	433	443	1919	2599	7263	15971	3959	64345
89	32	131366	1	1	5	7	29	37	41	61	161	377	2041	4019	1125	9155	18489	33447	89217	33921	460165	42631	1333661	1587877	4760489	16464573	27729953	46193657	37066873	140981555	187477733	289960259	890152633	1919682599
90	16	412	1	3	7	15	5	25	1	155	243	137	101	2565	4423	14353	17797	24183
91	32	131900	1	3	1	5	3	1	37	199	427	313	1139	1811	7613	8489	27625	19819	89729	11139	131969	28805	254595	1188993	6652325	7160903	1835563	6820793	22858995	233527443	35584829	70341545	685075561	3661941995
92	16	800	1	1	3	5	15	15	15	199	321	895	1949	3283	4215	1875	14385	649
93	32	690976	1	1	5	15	15	51	85	253	273	487	1723	2213	5895	1479	4451	24215	120897	20929	213573	643407	649295	2868083	6980245	10723645	24133073	1244071	36240891	17875685	476850375	858770183	915788963	2354853079
94	16	809	1	1	3	1	27	9	73	189	465	555	1921	3861	9	4371	22839	43191
95	32	691115	1	1	5	5	11	27	53	145	321	475	343	3777	2433	12337	7743	65299	52545	89793	352709	550341	1400907	681051	3795189	9061713	14134657	21759259	38797847	55498881	310545473	605264881	1532429823	3615565395
96	16	1308	1	1	1	11	23	55	61	187	119	915	1861	2635	3253	12133	3331	46309
97	32	2262972	1	1	5	5	19	37	17	109	331	419	465	2581	4653	791	4411	45619	113185	42017	353637	216293	1992435	3462277	6341809	4626765	20528747	48977475	62679793	151222453	233274381	216877559	1918463195	2693313171
98	16	1329	1	1	5	3	5	3	61	11	197	657	505	4071	3961	12629	30223	27909
99	32	2264883	1	3	1	13	11	39	17	181	421	899	861	4081	7975	3077	13795	52051	12961	132451	218401	415469	57323	2178695	7344369	3718421	26434693	4499811	6140989	16613713	491541767	429993253	592954371	4099221875
100	16	1448	1	3	5	15	21	51	23	35	85	597	999	559	8161	7727	21465	48933
101	32	2231592	1	3	1	1	25	37	93	41	221	477	1523	561	2477	8817	16991	21483	16545	177699	143521	498017	540153	740229	231357	10584713	3571069	9346173	105460691	86291729	64375309	223306577	234180479	55886091
102	16	1552	1	1	5	7	31	57	1	169	265	551	1719	2023	8091	13343	26995	21441
103	32	2655248	1	3	1	11	15	19	43	231	457	909	455	3195	5611	1349	31293	48415	63393	84131	203617	787947	326575	1779955	2580235	15772423	32282089	29276589	117201767	10089179	6173899	331506853	357785821	1868434879
104	16	1588	1	1	1	5	11	27	45	155	93	579	615	3757	4145	1289	26907	17151
105	32	2657300	1	3	7	5	3	63	63	215	293	561	53	1725	1065	4269	13521	62803	61409	179555	189671	419941	889123	3931103	2733855	14139383	2706757	57383441	124545557	69950365	190767113	23123149	435266225	1820644531
106	16	1700	1	1	1	1	31	35	125	225	223	633	1057	685	7429	8699	18187	21759
107	32	2625156	1	1	7	15	21	23	31	109	191	889	663	2803	5571	5455	27569	4871	76193	260257	451879	462319	22197	438775	4017791	11324109	15998623	62921241	22934839	199823571	334498211	900194799	96494929	2017596839
108	16	2078	1	1	1	15	17	55	97	221	231	35	1895	3645	443	123	4243	35151
109	32	8424118	1	1	5	1	9	39	95	27	67	147	1011	2091	1567	7523	3309	31621	14577	175921	373717	680273	957977	273463	129551	15029771	11590355	25729251	69310467	175131547	466402351	897947731	1152559581	4058869557
110	16	2125	1	1	1	3	23	5	93	227	31	155	1253	3215	2791	14429	17805	64961
111	32	8431855	1	1	5	5	23	5	115	161	331	347	1873	1881	4247	8877	13171	16303	51825	138705	222261	769525	2040327	947733	5311011	391409	20059195	11262219	107869793	55802697	1666599	624816413	1217555555	727638591
112	16	2204	1	3	1	13	3	31	53	39	103	705	989	535	6603	10953	2137	54255
113	32	8391228	1	1	3	15	19	55	31	237	35	467	383	545	7739	11729	24771	21269	129457	55057	112691	329567	871171	356135	5158703	3781917	23579155	21744035	115537807	248071665	261017355	24664545	1977134131	2757106693
114	16	2297	1	3	3	15	19	47	81	151	435	635	501	1633	7401	13761	10973	53613
115	32	8397435	1	3	5	9	31	37	29	1	47	683	1507	539	2977	115	12049	37235	76305	56627	267541	137017	1867023	62229	468813	9160593	13153503	44232187	83508531	125105931	230446673	594496451	1474502177	3234715075
116	16	2512	1	3	3	3	21	49	53	237	441	315	1797	1125	4255	7707	27619	33979
117	32	8530896	1	3	5	1	1	5	35	219	201	59	1331	923	3623	183	30877	62881	31217	250099	134229	683409	1039505	3880373	7482867	13461835	4530777	40944619	129411715	217237419	451759415	271449991	609724717	2195634065
118	16	2543	1	3	3	13	9	5	29	45	293	427	993	1427	825	6045	29647	41115
119	32	8528197	1	1	5	15	17	7	33	203	69	601	627	813	4721	10719	1815	34749	130449	252529	112629	754527	1941633	4137623	1035761	15358395	1401557	58535849	18272995	256877597	349933217	61840847	877861031	2311181549
120	16	2924	1	3	1	15	19	61	13	59	69	539	317	3537	6273	4303	9069	62183
121	32	9085900	1	3	7	7	1	41	17	37	37	203	859	3269	4747	3103	4801	44105	120049	196659	297303	424919	6097	1055449	8318625	3281429	31777397	42065435	57536395	174658645	91072539	566475119	949545649	2714065497
122	16	3025	1	3	5	11	19	1	65	33	171	475	83	845	2047	6249	32699	2085
123	32	9054675	1	3	3	9	1	55	103	103	39	667	37	3571	2053	3199	11313	26123	58513	153523	402387	1009145	1978577	1317703	842903	2272695	92279	39990059	2218389	60554179	247826229	1032850063	1524024097	1018036603
124	16	3345	1	3	3	5	31	47	11	177	223	947	411	695	4677	13527	18013	443
125	32	10653459	1	3	5	1	21	31	93	135	251	899	413	1487	5655	10919	18171	42513	118801	195859	340437	515313	109989	2926991	1164013	9376439	13557259	15150675	27992877	10991263	115259591	145098615	197961419	3722651329
126	16	3734	1	3	3	3	3	17	87	205	361	273	1987	1347	5889	10343	30775	58857
127	32	11013310	1	3	7	15	19	59	77	33	297	1	855	383	1801	15901	24861	17405	51889	132403	358455	160575	414179	726123	3043613	2940401	6501689	22494993	77274919	6586127	186265593	415156845	1744623373	492271533
128	16	4226	1	1	7	3	19	37	61	5	431	7	1069	1049	2773	12029	5183	1929
129	32	33558666	1	1	3	11	11	5	99	99	11	431	1961	393	6029	8493	12945	17727	86889	125577	119803	51523	516675	567261	1108091	4316795	8023267	8344695	122345073	81992849	487123509	866644645	735038489	1416200343
130	16	4285	1	1	1	9	21	9	63	135	463	577	523	1135	483	13923	789	48169
131	32	33561119	1	3	5	7	13	9	5	251	167	211	1755	785	7495	13891	591	39473	92185	108155	134029	959183	773589	682593	1403005	1503315	1747375	8394555	127811139	93451369	437639839	843362907	1052745479	1319477449
132	16	4393	1	3	5	3	19	51	31	45	141	185	1265	1121	4627	10945	2599	41639
133	32	33724843	1	1	7	15	21	43	65	83	101	539	1251	1113	7397	13925	14409	35013	7081	97993	154031	158919	949725	2459347	782841	16661819	11137917	7099731	21506491	264711217	122185469	92134973	501455169	1986152621
134	16	4467	1	1	7	5	1	25	43	55	409	93	1619	2293	5533	14165	3571	8197
135	32	33733497	1	1	1	1	25	5	17	105	489	501	229	3553	2253	569	18393	61519	1097	238409	419321	271305	1913297	1548365	2651865	9358689	2665473	57673917	84145261	254724713	132516005	889465553	1275558673	266151143
136	16	4500	1	1	5	13	27	7	7	25	147	443	1995	1069	7691	4135	16725	6283
137	32	33690548	1	1	3	11	15	5	127	125	11	1003	1629	3259	4399	8021	9257	57351	56617	19913	383931	812739	1977543	876893	4180967	7905477	5600355	51387219	28258293	158321699	389485879	1002443645	1178526129	3683447359
138	16	4593	1	1	3	11	27	33	25	229	313	1005	1095	1477	271	8347	29543	4631
139	32	33700851	1	1	7	13	11	23	5	25	89	621	819	3291	7039	7973	31015	61379	22953	78521	188831	1003205	315715	14191	4885421	10655361	18806177	1348229	108152763	212704339	504416983	660464765	1244928831	557270523
140	16	4746	1	3	7	1	17	9	29	149	293	893	179	2713	1603	4325	11385	32289
141	32	34083330	1	1	3	11	13	17	85	201	277	607	647	2307	7675	677	21905	19469	90345	152137	31403	566787	196613	614921	1715725	15914657	22128541	60073207	114555599	166164395	454240003	202207389	1123152777	905389525
142	16	4796	1	1	7	7	15	3	83	203	119	39	1793	3643	5985	7655	31809	35997
143	32	34084892	1	1	3	3	5	37	105	13	75	927	1525	2191	6067	4737	18479	59263	12105	82105	1339	659979	1881101	2516541	7762033	3653669	5818723	23445719	6567325	20194519	346486603	1050918697	945603671	3532877543
144	16	4802	1	3	7	13	1	13	117	191	251	617	1707	657	7561	2101	14915	43651
145	32	34091722	1	3	1	3	13	41	103	131	91	425	765	1935	4373	369	22025	30303	30921	196491	444857	130059	1419285	1030177	6205055	4586731	16937747	57757841	17359589	37400919	320982109	563005081	1182678129	1537846007
146	16	4894	1	1	3	7	3	43	27	43	501	727	1121	3193	7643	6863	6813	18801
147	32	34247094	1	1	7	3	19	43	103	117	149	639	1717	1637	3515	1551	20273	22023	64441	99145	287615	247947	522907	3678611	4187903	4896621	6733	32374727	70267805	168964173	210646723	49858855	1516798361	1247422559
148	16	4960	1	3	5	15	15	9	55	235	27	309	115	711	3377	8837	8235	25707
149	32	34257760	1	1	1	9	29	57	11	125	215	351	1219	721	6655	11133	32175	39597	58281	168889	176425	614017	2018197	2082481	603587	11788565	4784799	53211783	56413355	88344553	525331591	917522917	1711031975	339390421
150	16	5090	1	1	1	5	21	41	71	53	57	183	921	163	975	1345	29209	37113
151	32	34225130	1	3	3	7	23	29	105	189	329	869	1099	1821	4153	1877	12695	15105	31977	130683	249547	960143	103567	2474885	2518737	1489029	6265889	5950381	119686691	204380373	241831825	642121101	484654591	1407745609
152	16	5248	1	3	3	1	3	51	31	115	15	1019	1035	1515	2187	12447	1251	42231
153	32	35656832	1	3	7	13	3	39	37	253	35	91	463	1535	8059	1003	4073	42457	4793	112683	265135	207589	1667707	3602047	5189229	16167621	3245435	10206291	103819271	132163975	521164099	1059915955	1814838705	4262994721
154	16	5284	1	3	3	11	31	61	5	77	41	111	191	1375	2199	12883	16671	25161
155	32	35658884	1	3	5	11	21	7	127	223	457	455	1049	2543	2349	14285	23937	64099	26505	131499	369341	1033315	314669	2810575	5213191	8947223	21237713	30774367	118644033	4220807	243748149	639941093	1742612569	3299771371
156	16	5311	1	1	7	1	11	27	109	51	491	645	53	505	6003	3657	11427	34211
157	32	35659285	1	3	1	15	15	27	55	107	483	807	359	2343	3799	8393	30905	51083	33961	208683	6009	613991	775223	2922739	6478959	1274611	18074779	27160255	108489375	263341087	157153615	87681361	550952353	687329811
158	16	5313	1	3	3	9	27	45	113	151	191	391	1149	3197	6059	12697	26661	20951
159	32	35665091	1	1	3	7	27	13	107	61	507	205	1753	2795	283	14353	23135	40045	19945	228249	176459	756399	1996659	2616693	8052787	6778053	20613043	61610293	63020625	203379475	45258259	433950457	1928524391	2899130581
160	16	5396	1	3	1	15	5	55	53	43	483	507	947	2265	7147	12567	9733	2447
161	32	35821364	1	3	5	3	13	47	59	179	507	187	647	2893	4811	9599	9819	13639	104153	123707	470621	381739	486325	885607	7896707	6127931	14381347	14655363	35159359	189447605	104708403	878538343	345363731	504804799
162	16	5405	1	1	7	7	21	27	97	181	107	871	85	599	8029	9381	12411	15415
163	32	35821503	1	3	5	11	1	61	7	133	475	917	771	491	5513	3035	12785	58363	90169	132139	80957	632931	1989305	7029	4785407	1409901	22659219	54227149	63200331	156255507	183612865	804312931	1630863177	3341884947
164	16	5496	1	1	5	7	7	61	127	207	411	207	729	1057	95	5793	5591	16011
165	32	35831800	1	1	3	7	13	23	33	255	195	831	1327	1469	293	1435	5881	60067	108537	243689	414203	85871	480677	2162031	974073	9307959	29199323	54756567	87558135	107467205	122309117	35129539	1654518449	1400976171
166	16	5678	1	3	1	7	11	1	85	63	297	797	37	1303	3859	16281	21221	60399
167	32	36216454	1	3	5	1	15	35	89	233	361	501	497	1889	2279	15883	22457	47945	66873	24171	25581	125225	1654583	585003	5566257	2243377	801617	5268957	71501273	114351113	409526127	869685667	1839291665	3761375569
168	16	5757	1	1	1	5	7	3	93	111	1	619	85	1661	5715	3419	1197	13013
169	32	36224223	1	1	5	15	15	33	49	171	465	539	257	1575	4347	16361	10769	56121	106729	98601	152877	841255	1472295	1186089	4127081	5874547	23717945	45408627	110356857	105746831	454026819	1018002625	1890156873	2444578241
170	16	5779	1	1	3	13	17	61	27	221	395	157	1145	3093	4197	485	14019	37187
171	32	36181145	1	3	7	15	11	45	13	137	371	815	1737	1351	7343	10405	4341	49531	46473	251787	41663	334759	631411	3672629	7355925	8625201	3590651	25020455	23274273	195984767	254528247	310270605	2114316589	702544163
172	16	5869	1	3	1	15	17	49	11	49	67	673	13	447	2265	12117	30333	60261
173	32	36191823	1	1	5	11	13	11	99	71	255	403	1065	2251	581	12815	7873	9003	106329	228457	212989	818979	314469	72707	576027	13833359	14405575	17338667	99367793	89785171	5107261	510900391	2076604665	1736665123
174	16	5895	1	1	7	1	27	7	21	27	21	495	1493	1743	5743	10821	11585	43707
175	32	36345645	1	1	1	7	9	11	41	69	405	487	899	981	7317	10789	3349	59189	125385	81865	369609	407599	1660449	1440675	125361	14789549	13011629	17354767	80594507	189480413	14258573	335637277	79764189	334312061
176	16	5958	1	3	5	13	3	37	97	153	229	401	2027	1769	2545	14551	21553	64337
177	32	36353902	1	3	3	7	13	45	71	15	13	897	525	3027	3515	13979	6407	49831	66169	33819	4123	738671	1835893	1445525	4916383	15659911	32030981	16702617	90074453	72923867	300851667	106476499	1162650431	3690285919
178	16	6203	1	1	3	1	1	43	97	49	47	705	1975	1603	8067	15165	30443	19291
179	32	41980593	1	3	1	7	31	51	127	75	115	531	1093	2073	2785	13649	22653	29245	106905	221691	25401	834591	1172823	2267467	7569431	8342531	7344219	44570907	62598189	218773489	19544713	735912073	961756197	2579419237
180	16	6231	1	1	7	5	29	45	127	73	309	245	1951	455	4229	2873	9473	58355
181	32	41990781	1	1	3	11	21	31	65	7	269	349	219	3345	3933	15779	12139	50233	24521	57961	452219	735443	1261773	645207	7994985	5988959	26941541	8646757	36734387	97727689	126880037	527009643	591413011	3574116993
182	16	6278	1	3	3	11	15	3	125	187	81	887	971	4031	4167	16367	29527	34831
183	32	41949358	1	3	5	1	5	23	113	47	193	1015	1885	2629	957	2339	7723	10443	74441	67435	404717	577273	425933	783823	2225001	12486103	2181737	6621263	90406773	128166013	19449685	114330235	731568275	2056108467
184	16	6357	1	3	7	7	23	25	125	173	337	27	1625	2691	7385	4157	27029	27859
185	32	41958135	1	3	3	3	21	1	83	17	321	859	1453	3255	1731	13253	3787	3491	51225	186379	401835	716027	61917	825321	2991931	12340553	12666329	31911443	49792085	146928879	442231755	874139229	1138157283	374077707
186	16	6427	1	1	3	11	15	47	89	131	103	593	755	551	3393	16309	10599	10677
187	32	42113937	1	3	5	3	7	49	95	101	315	579	1989	3191	7385	4475	1293	52983	52937	34395	135661	880315	1817807	120169	3168215	3687469	20580355	23607275	100006749	173995583	241358385	4672931	198886053	3538317839
188	16	6436	1	1	1	5	7	15	13	115	285	903	1649	57	1893	15733	5481	35707
189	32	42111236	1	1	7	11	15	49	11	153	101	463	1959	2407	3041	12851	8879	37985	87305	102601	457087	326099	412759	1109465	8369891	14605969	13461085	64696263	95545247	156019231	385159561	305466427	748707879	3852067417
190	16	6733	1	3	1	3	17	53	85	151	137	439	287	3335	3267	12919	9025	64219
191	32	42515183	1	1	3	9	27	15	63	149	297	317	473	85	1701	3849	6419	38289	61273	147017	347643	195217	1397251	666119	5845063	4569309	2770145	33237045	132745345	115288141	44785629	726274065	108844587	2458328553
192	16	6798	1	1	1	7	13	3	59	171	103	85	475	67	5595	10463	10555	63463
193	32	42474022	1	1	5	3	23	47	79	183	207	85	1359	1463	4089	3347	4287	15739	60105	208137	382061	692539	787727	2052375	3403015	1742143	26289607	19229661	23543047	169660863	193247905	624464699	157730039	1747656899
194	16	6863	1	1	1	13	15	5	7	151	127	963	1159	2149	3567	7449	31871	10167
195	32	42482277	1	3	5	1	29	13	57	247	175	305	535	1337	269	6065	25489	23655	59545	26075	158061	129273	1048853	3631381	7920993	10666767	23960087	61480233	93332799	141802033	283097973	573620505	950746665	1433437343
196	16	7057	1	1	7	3	13	41	39	243	259	899	23	79	493	12041	12073	41781
197	32	42604947	1	3	5	5	11	49	41	153	383	241	997	3601	1019	6305	2287	16451	64889	70059	82605	640573	1874307	3793065	1309393	12036881	16710855	47109929	10471485	171869945	427845123	695523097	2126947255	302058507
198	16	7079	1	1	5	9	13	19	51	137	99	219	1861	785	7709	4739	19917	9889
199	32	42603405	1	1	1	15	5	1	91	237	123	11	1233	2567	3525	9377	32097	46325	28313	140889	413561	894295	616349	1425305	4226995	1359797	25051555	43785027	106623625	160977039	229630381	424641561	1430173129	2219508781
200	16	7142	1	1	7	11	23	33	65	193	153	283	547	3189	4145	7529	22371	25913
201	32	42611662	1	1	1	15	19	23	7	133	57	411	885	2541	5549	7167	18201	37453	52201	27385	469049	665303	1273995	2328463	4681199	14243181	11458609	4557651	96867757	262726901	265088101	217671015	1679520929	812302453
202	16	7174	1	3	3	11	11	51	103	33	329	905	1425	1691	4421	10207	25457	26907
203	32	44080174	1	1	5	3	29	57	21	233	393	459	643	1507	4867	9765	31815	47199	93305	200969	472877	753115	624933	487393	7575613	4319441	855729	1737107	80783611	31410651	99229099	782351341	971085903	4006107351
204	16	7239	1	3	1	1	19	39	45	123	483	921	1491	1593	4795	10813	977	55663
205	32	44088429	1	1	3	13	3	63	71	87	259	219	485	1765	267	5877	19115	915	42169	3177	249227	1031829	459707	2516183	4971647	7312575	19774379	8568883	81051149	2841773	275291331	845185997	364682355	1888211963
206	16	7355	1	1	7	13	23	11	117	67	481	575	1311	1379	301	13991	11943	3823
207	32	44045873	1	1	3	9	21	49	59	101	209	407	1659	2943	1079	10589	453	20497	29305	59161	361339	813169	101229	2977113	7941411	1592189	25429737	62976703	66947203	193727879	423882495	320283541	998647853	3513610233
208	16	7390	1	3	5	7	1	29	17	29	53	991	713	1511	2529	7223	21297	44863
209	32	44056182	1	3	1	11	27	9	37	251	117	151	813	2555	4139	4807	12373	44161	82409	64955	312249	69619	32115	609105	4846925	4107123	9156013	38324111	58862661	232482819	45194979	153757119	738297853	4293083913
210	16	7449	1	1	1	1	11	43	83	87	299	289	1305	243	5235	687	15585	48137
211	32	44212123	1	1	7	15	27	55	29	175	19	753	1583	2753	3795	1403	28887	23645	114505	218601	32639	916471	1146595	3688703	6065909	2552999	7727291	11907145	88502055	201573193	327931723	545682995	23309647	3943083765
212	16	7527	1	1	1	13	19	53	77	75	433	267	2005	1793	4753	4219	6013	17815
213	32	44217677	1	1	5	9	3	29	33	15	33	987	129	981	8089	4835	14017	3075	4777	91289	507373	251601	574139	1955909	1198553	8487143	25996313	8076707	15129865	100585677	425931377	659508795	421818585	3358477307
214	16	7838	1	1	3	5	25	15	21	217	161	665	583	3391	3481	11537	27299	51913
215	32	44571702	1	3	1	9	19	7	83	71	401	251	1109	1231	7171	3101	16261	15047	91257	224859	360713	874065	1500411	155935	3053931	13118831	26865337	32668019	4202685	130866007	404507435	417216549	1141287117	2932657551
216	16	7841	1	3	1	7	11	55	7	93	15	969	1207	1747	5083	11361	32437	14447
217	32	44570275	1	3	5	11	27	35	57	233	47	809	963	1583	2427	10053	22963	21063	17081	90987	79213	796307	1100019	684315	7763793	5501729	14066919	8461489	13871739	114925543	482189027	425879853	127144155	265519631
218	16	7859	1	3	7	3	13	29	3	45	459	657	961	3849	571	11325	329	41357
219	32	44569785	1	1	7	7	5	15	121	207	31	899	309	2101	139	1119	14023	54143	13225	51689	161967	439199	1145341	388359	2263825	16440695	3313111	50728219	28766781	40805405	473296259	709414695	494217567	204755927
220	16	7904	1	3	7	1	27	37	55	71	33	211	2047	259	465	14069	6331	49089
221	32	44578528	1	1	7	15	19	57	77	219	177	225	463	757	6725	1209	14609	61305	52985	223481	62143	1047607	1323819	3978545	6168933	13748051	11738281	59166329	44070887	79518317	514915389	693530609	1733393257	1983127265
222	16	8065	1	3	7	7	13	53	33	5	323	225	1333	3819	883	4811	8145	38345
223	32	44703619	1	1	3	5	21	31	45	107	287	595	1573	433	4959	1001	15757	61407	111193	67033	361035	831325	1211757	4109239	3714197	6375795	19589527	1718507	46365133	225456089	413196247	100936081	1532860085	3573561367
224	16	8072	1	1	7	7	13	7	59	59	41	849	429	1803	6735	11509	26741	24783
225	32	44703496	1	3	1	5	13	31	71	101	505	451	1551	2897	4195	7565	13129	48161	23097	113979	465529	1031229	914597	1743239	6574495	8470525	17294321	55413291	133108023	88131497	527451083	248722021	910585041	3951185993
226	16	8155	1	1	1	7	1	3	45	183	113	799	1771	3175	4673	9429	28729	58923
227	32	44711249	1	3	5	11	11	49	17	163	481	605	827	1371	5979	7571	20925	11463	15369	147707	141517	277715	1259363	3042185	829177	12669803	29311289	43700005	80326547	109374659	160656451	1048913467	86695925	1796268879
228	16	8364	1	3	5	9	17	27	23	139	429	583	259	1889	7795	4313	20231	61677
229	32	134227980	1	1	5	3	29	11	59	183	77	485	2039	443	4699	8289	795	5785	52333	148069	374705	714135	287961	4026455	7683935	8334315	15036721	3000905	84431155	179450015	441864343	707250205	2069553479	3600005357
230	16	8447	1	3	1	1	31	55	41	69	433	67	29	3433	6075	15965	5401	61003
231	32	134220373	1	3	5	1	23	39	87	35	161	627	121	345	3091	7309	20471	9889	48605	130183	250225	1014813	987091	94291	4841755	15507823	27741901	52409807	92660045	122635365	262754087	1010288921	276266347	2301669061
232	16	8490	1	1	7	15	1	27	91	179	213	563	1653	2495	1549	11121	15665	36613
233	32	134392226	1	3	1	15	11	27	45	123	445	769	423	847	8015	13637	15903	5937	36349	147527	386421	830867	729183	2940631	7268561	4713127	18481273	23557661	74357443	92702651	505529539	563563049	1465859475	4213739029
234	16	8541	1	1	1	7	11	13	123	71	23	901	461	2643	5851	2889	9727	685
235	32	134382591	1	3	3	5	15	15	115	177	187	47	1391	1129	5807	15939	20039	6387	30109	72015	374775	53689	1129299	2960491	3697087	2988189	15639751	58430683	122135539	56234373	274221539	160340695	1924333131	2286109999
236	16	8581	1	3	5	5	5	35	85	83	337	105	1459	1719	245	5725	30041	64275
237	32	134357415	1	1	1	1	31	31	11	151	321	523	1155	715	5823	15541	11423	42535	124925	213789	108661	1026549	1764171	2093643	383655	3610427	9505117	19464807	115498359	254525655	264766179	428425833	1004892819	2055097603
238	16	8742	1	1	1	11	3	27	15	249	359	275	101	3593	5317	4691	9163	34427
239	32	134785550	1	3	7	13	31	57	21	177	351	801	1427	787	4485	6993	9569	10687	21573	210239	351059	563633	144915	1002557	1374233	11836037	16350971	59091061	126168511	181416583	440342585	971150605	1780082245	2704825291
240	16	8765	1	1	7	11	29	61	39	183	37	573	1599	4061	519	10943	31881	48009
241	32	134785183	1	3	1	1	27	37	121	119	13	623	425	1547	6269	9803	23567	50085	79741	211799	159669	379549	367119	696849	3441157	7778035	32607321	55139811	43959821	263350983	265949193	423503511	1694585195	1013463097
242	16	8778	1	1	1	3	31	3	15	179	59	879	245	545	7023	109	26613	40107
243	32	134775490	1	3	3	11	21	61	93	215	267	621	1255	1405	4757	3479	31875	45679	83149	74751	135031	618295	1470985	3092513	6006841	16699027	6007087	30024417	128154395	248362425	100887481	372783795	621877415	1002405347
244	16	9092	1	1	3	11	21	43	75	139	491	283	439	1791	4671	9719	24891	52643
245	32	134882212	1	1	5	13	1	39	21	33	343	411	193	777	2639	6547	20949	44537	40085	65317	37137	396249	1328773	3760003	1946561	1693165	11192979	37422831	88229709	22059765	23362747	87009671	1008506233	4146044325
246	16	9175	1	3	3	1	25	13	121	65	445	419	529	2473	1751	9705	2459	58895
247	32	134873597	1	3	5	9	7	53	125	135	125	787	1287	2257	4977	10977	8223	32353	98877	203847	12337	679893	1133443	4019873	5761457	7877955	16896889	48659935	119095971	172607597	311399741	791526677	133480235	796707189
248	16	9242	1	1	1	15	1	9	57	43	197	269	1191	3463	2583	11609	9053	23289
249	32	136357522	1	1	5	11	31	11	61	191	421	429	1043	2867	8177	11723	9393	20917	126373	135669	307953	717567	1084027	2714711	791153	940227	428673	64981185	30588919	232611095	456868173	974834359	542093477	2055866505
250	16	9343	1	3	7	13	25	63	81	157	35	251	343	287	7393	10911	11227	1837
251	32	136351445	1	1	1	13	31	23	63	33	235	185	161	1323	5863	10343	13837	14721	39509	94693	422581	415033	1621995	2130771	702003	9323725	8198663	32731629	109499869	142506495	157159731	62427771	1160929377	2035685581
252	16	9390	1	1	7	9	31	21	85	211	419	1	437	1415	4763	7845	22553	27415
253	32	136326150	1	1	3	3	23	3	67	249	447	753	1313	3029	7667	10851	21695	42645	39517	53301	310039	984375	1244907	920447	4336975	11964389	3894371	47419397	108722509	248312865	200441959	473618055	1077496195	1110366505
254	16	9455	1	1	5	5	3	11	27	41	423	335	595	575	7055	2401	10969	4305
255	32	136318021	1	3	7	1	7	55	17	5	359	669	1765	719	6243	1093	7499	41421	115917	249687	73619	607293	297451	1532259	5566813	15138281	5439411	39119961	52688969	218632203	501496423	352884233	1928897527	3050881737
256	16	9469	1	3	3	11	27	47	3	79	167	37	155	321	6407	12097	23627	56849
257	32	136318559	1	1	3	1	23	39	109	51	399	695	1963	2643	7419	12129	4229	33761	76917	113893	221175	533301	65003	1205843	6215009	1696671	11073195	7996843	91749735	6628575	481367175	528785789	1556697593	2286289653
258	16	9607	1	3	7	1	5	27	121	251	319	19	1417	1399	1991	10647	27259	27803
259	32	136455597	1	1	1	13	5	25	39	99	271	33	1115	1543	1071	6885	10673	10739	100517	221101	268213	468249	2017329	4035677	1862339	4388151	16688547	12530781	83291127	88873363	313912723	537698633	1130057181	4006647735
260	16	9649	1	1	5	5	17	19	3	91	455	685	1697	2435	4875	1897	1497	36041
261	32	136458163	1	1	3	3	15	31	75	7	303	845	1591	1401	7209	5881	30801	45141	25317	51189	297015	141175	87283	4121571	3482023	12555755	2917843	37184769	73333403	256466461	22520997	282290541	802770277	2956358913
262	16	9721	1	3	5	3	17	17	5	17	1	863	25	1579	7781	3527	15507	26035
263	32	136449915	1	1	1	9	13	45	51	253	209	621	877	1361	1977	1723	7581	62147	124117	133293	226997	37789	365881	1421945	5428471	13956409	8624173	47490345	68258937	123546005	184921085	701280975	1484128201	2253019231
264	16	9917	1	1	3	7	11	47	43	131	499	367	455	2845	1847	5741	17123	49019
265	32	136850463	1	3	5	7	11	61	17	213	311	549	1297	1609	6111	6047	25065	14429	53445	226007	165681	201659	947503	2699057	8098573	13984753	9648163	29640897	63026301	50892461	426653515	438517515	1043336229	1131236241
266	16	10155	1	3	1	7	1	19	63	195	491	557	1545	3899	1865	4127	30921	52451
267	32	136982305	1	3	5	9	29	25	119	71	211	397	1853	2693	3525	5853	21509	10807	116597	163263	319921	891797	1434617	3375021	2537651	13261203	12235135	30911265	29989793	16583585	275534689	1071664889	1836431841	1104724531
268	16	10247	1	1	7	5	19	27	51	153	269	1023	1631	2635	6665	7729	20195	48927
269	32	142649389	1	1	3	11	23	41	27	21	61	671	1035	1085	3969	1795	32507	44755	45821	23165	243527	16335	505307	3645893	1632263	8404721	1208465	6146571	42704191	209202689	21709677	780135607	1990347711	3058999071
270	16	10261	1	3	5	7	9	25	113	117	271	641	855	1063	4421	5295	16713	12163
271	32	142649911	1	3	3	15	19	29	69	201	151	977	673	2207	1815	13695	6093	17271	5957	41263	252615	332995	373855	1877217	4329545	7806589	14900035	33733941	127083069	13417627	518284499	308839235	2083775057	228448459
272	16	10333	1	1	7	9	21	27	97	87	369	557	1015	2079	5623	1631	339	61585
273	32	142641919	1	1	1	15	21	59	79	79	289	477	1921	3109	3723	7319	1037	48421	73605	100069	32197	363723	923729	2078791	3519579	3735779	16549469	61602081	123934789	31351185	113655631	774673859	301958753	960301113
274	16	10542	1	1	7	9	5	7	79	159	485	601	361	1721	3869	13129	10743	45991
275	32	142778758	1	3	7	5	31	13	125	125	333	891	365	2021	1095	887	14805	49125	117669	2407	102979	512329	1508291	1581273	1489089	13100041	14685433	10612815	88605465	43114185	312574003	63008547	379270409	3107492473
276	16	10571	1	3	1	11	23	59	37	25	495	671	1995	3389	1513	861	12309	29385
277	32	142772673	1	1	7	3	31	1	105	31	275	725	329	2017	1713	10423	15689	40671	125877	177037	206787	428615	451267	1791565	950229	13609691	137719	25261033	71273285	89645941	136228181	920821875	710689485	940558019
278	16	10767	1	1	7	15	11	49	61	37	31	3	1135	3805	419	14153	8079	57029
279	32	143174309	1	1	1	7	27	7	65	219	3	851	2025	2825	6275	7775	14191	64235	110285	60701	404485	117251	1211423	3228699	3260973	3198151	27290375	3514943	28166117	63135813	275496743	721580667	551992163	3567457175
280	16	10858	1	1	5	3	11	63	51	237	451	429	1935	1979	1811	8047	20881	32347
281	32	143164130	1	3	1	5	9	61	89	131	319	567	1775	1037	1265	13469	21415	49489	129357	188119	266245	110089	1593869	1968681	7126141	9921655	26153051	43055675	58824211	211565265	377311565	219062953	324853859	172615461
282	16	11019	1	1	7	13	5	5	111	9	511	93	121	2761	3535	8805	4903	33379
283	32	143305601	1	1	3	3	13	23	21	79	139	293	541	1975	2027	11303	32541	40009	103941	250133	248711	327559	1193857	3187867	2291361	11903635	7570015	525721	129417137	250562979	272757279	74170491	521408305	657712981
284	16	11075	1	3	7	9	31	27	53	77	467	737	1091	2127	8007	9043	9795	25211
285	32	143297353	1	3	3	5	29	21	57	177	331	17	247	3707	2997	1869	26147	35095	34205	143567	308615	696457	1702545	4117889	4107725	5145701	5909551	31880021	65541467	123906239	171522281	967733281	1188198519	1428307363
286	16	11181	1	1	7	7	29	3	101	135	79	609	1203	4075	3857	8293	1821	57077
287	32	143270671	1	1	1	13	29	17	47	247	447	977	645	1553	6681	15887	3255	32065	112781	253749	8069	860041	789657	1809573	6190555	6777651	887427	46187917	98264057	192858837	509209997	806666955	743535699	299868157
288	16	11294	1	1	1	11	15	11	61	203	77	409	1673	2153	6817	1197	22357	19691
289	32	144748214	1	1	5	7	15	51	87	37	309	473	237	285	2537	5349	16911	34549	125965	20901	213345	386851	1629435	3644495	2215435	66057	19541961	18535277	79344537	59316313	394926909	994948977	1672711627	2906169473
290	16	11304	1	1	7	15	11	7	103	237	73	929	621	527	1943	14565	4471	33113
291	32	144745640	1	3	7	9	11	63	9	243	345	691	1577	4057	1191	14741	5673	42039	109813	209519	32995	289509	1574199	2664699	6824453	7149103	1203101	7265375	18418285	131570165	304814627	356313361	599516821	2331945347
292	16	11369	1	1	7	3	3	13	43	71	403	999	973	3291	527	9205	28323	37401
293	32	144737515	1	1	3	5	17	47	13	103	411	199	2009	2989	2301	11687	12933	15221	109413	17157	4135	983265	276349	925275	3663913	13812475	26603471	17741883	133305877	75355857	447311929	768234931	2072236881	1363175689
294	16	11582	1	1	3	9	27	25	121	243	383	743	1629	1823	735	13529	28109	6491
295	32	144877462	1	1	5	5	21	13	71	57	219	335	187	3375	5625	13533	12155	56401	87325	25397	511713	883489	1650657	3991801	2794739	12101229	8088743	61442251	68212151	56120627	83389813	482242753	406083903	561107973
296	16	11629	1	1	3	15	11	41	65	31	267	793	1705	1087	3177	4383	26655	20123
297	32	144868815	1	3	5	15	9	19	15	193	287	123	1483	3151	5411	1393	29437	59869	119461	108679	254945	124131	671229	2046159	6698635	11443309	805379	17512223	74677271	16599043	259272303	1069831789	1035774033	2704729145
298	16	11658	1	3	3	15	5	11	3	179	3	665	1481	655	1421	11685	13685	16367
299	32	144846082	1	1	5	13	7	33	27	221	319	683	1835	3101	4687	8771	28169	10201	128245	134453	39841	573417	185203	2012405	5476327	4302649	20497459	57602559	121801143	81643793	123803139	225720855	384417813	1604030965
300	16	11759	1	3	5	7	7	13	121	113	379	509	1611	3963	507	15023	2481	17845
301	32	144835909	1	1	3	7	13	51	51	255	135	455	1769	1603	201	6133	12715	21075	103901	77757	461543	639011	1360033	2125135	7136487	9841555	21607403	65769691	67583829	186641023	435692749	985246041	236499759	3286171111
302	16	11764	1	3	3	7	29	45	37	167	347	325	281	2873	5953	5659	13917	25841
303	32	144836564	1	1	5	1	15	49	3	17	31	895	2011	2659	731	12427	28859	48603	79037	165181	155041	529317	1783227	1843029	3869919	6657461	21435123	53852955	81364423	9909055	250155223	1010989095	624069751	3104072663
304	16	11919	1	3	1	9	7	59	103	35	491	41	559	1319	5183	7243	23185	30203
305	32	145239589	1	1	3	3	7	47	45	47	139	875	569	3537	7519	8175	13763	48743	15517	37581	360039	736487	242795	3544323	7603985	7146995	17590623	43185719	131068661	163610333	448990555	155688139	345394399	3490867195
306	16	12050	1	1	7	11	29	13	99	13	103	931	227	9	3257	723	32007	61935
307	32	145403162	1	1	1	15	13	45	25	33	71	147	629	3921	161	9667	30541	14215	20677	90573	235109	684459	201449	3313841	780173	1981493	17864003	38958391	113101641	22829245	496459221	258043111	1976704297	2311108011
308	16	12369	1	3	1	1	5	63	65	227	191	59	1289	3941	443	5301	24155	39949
309	32	167809619	1	3	7	1	15	31	19	105	155	411	1615	661	2585	12625	7889	3187	27341	55879	197035	2165	1341851	690579	7294167	9673213	20011615	58767831	126339547	221948977	285726925	408330317	260838253	4114095663
310	16	12542	1	1	3	13	5	45	89	185	457	721	941	735	7915	10209	29075	39783
311	32	167778902	1	3	5	15	7	61	77	79	185	579	1039	937	5461	5753	21463	15257	26261	227039	300697	996315	895131	3926425	2894073	7558899	29156757	29856839	52990403	216975901	336778337	128508437	2089065147	2208658629
312	16	12573	1	1	5	13	11	51	81	129	475	753	393	1917	7811	6097	19267	30919
313	32	167949247	1	1	1	1	11	33	45	47	391	481	45	2337	6259	9059	1867	19625	32693	46973	299549	803037	139543	4079421	3527449	14252515	20559243	51521829	110957209	72794989	390209215	203513247	209106015	2852314029
314	16	12650	1	1	7	11	23	23	101	227	345	191	575	1643	3817	5329	8563	9545
315	32	167942626	1	1	1	1	27	31	79	89	201	359	569	305	3361	13153	17993	49047	57005	231317	136589	513213	1844999	1344259	2366267	12414445	27344317	55568523	95347237	151097973	456929133	153873693	326176213	3194495755
316	16	12794	1	1	3	5	1	63	75	51	327	939	269	305	4473	3165	11341	17255
317	32	167910258	1	3	3	11	29	11	63	165	123	185	233	3495	3109	9121	26609	19281	35405	91727	15423	441311	1271833	410127	5969443	2962641	31414031	19627365	58630621	45924043	512319993	461512677	955977421	2778902157
318	16	12916	1	3	5	1	5	47	51	1	51	473	1585	3389	209	1351	27777	40475
319	32	168335444	1	3	1	15	15	33	19	173	443	105	1893	483	987	4889	29429	58143	116061	166423	138317	380411	358851	3715429	187015	12592609	678607	30599701	33457297	22731663	236827127	974842605	40993169	1142599507
320	16	12965	1	3	7	5	27	17	13	249	197	571	7	1947	3827	10203	5437	53553
321	32	168311431	1	3	3	11	31	51	49	245	485	107	1011	2477	8135	3417	15569	51725	79181	223743	65695	1040863	818651	2748151	599781	4073009	22074889	12159047	133567647	174717753	84362947	50039557	710399061	2919150017
322	16	13037	1	1	1	1	11	63	57	127	221	93	995	1065	1005	3581	4449	54299
323	32	168303183	1	1	7	5	27	27	37	179	157	317	277	125	3005	4665	13133	49655	30653	215285	344587	390777	693471	2562151	221649	9781399	20651041	17358249	118440681	207144977	184239377	410297589	1127981505	3705016043
324	16	13140	1	1	7	9	17	5	39	77	401	299	201	1613	3523	12905	5123	11121
325	32	168464756	1	1	1	11	7	55	95	219	129	795	111	639	1057	8563	31859	5231	29461	176485	108525	23671	843995	233923	5481291	7649231	5709173	40465471	120105859	17824107	190435221	900223879	1333235391	2768446107
326	16	13298	1	3	3	7	29	15	61	225	243	807	29	1023	7655	9653	11703	26393
327	32	168434170	1	3	7	1	3	51	17	165	171	135	1257	3081	1429	15845	13483	52797	18501	71023	58683	150101	1077207	2685567	1629733	5909665	10621575	60257771	42620093	107935197	471794425	378396089	1655674087	1457632337
328	16	13825	1	1	1	3	27	1	67	197	283	991	867	2067	7317	3995	15799	50133
329	32	170440195	1	1	7	3	15	37	45	219	55	615	309	4067	3665	3623	16793	62107	104317	206149	487051	198431	285227	4166753	4315801	5229351	22269819	48607123	86312449	241234455	514500973	69453779	369840437	3338996063
330	16	13879	1	1	5	15	15	45	33	31	137	741	1439	1399	1373	13719	17315	20981
331	32	170441757	1	1	3	9	13	1	15	171	217	853	1449	3585	4763	15847	27573	25181	20109	123645	187903	259573	1480697	3965901	6518691	12791799	12166237	473841	84978053	63671565	41536039	214034587	1767615265	1779461353
332	16	13962	1	3	3	5	9	47	125	101	19	87	1843	2389	2425	13331	13407	45821
333	32	170407426	1	1	5	3	17	49	11	85	467	581	1029	1027	3953	11029	15285	52701	9565	114749	337273	711167	443133	1078501	7490279	4041801	16401095	42908729	45724337	37075839	97556637	859924929	862168793	369582673
334	16	13976	1	1	5	13	31	11	69	13	141	439	1207	2941	3503	3025	25161	10837
335	32	170406936	1	3	7	13	31	43	31	163	245	573	961	493	5599	11361	18883	13803	83429	81687	105771	506713	1870251	1294455	5747675	8559751	24303041	4546521	88377053	157788705	156088899	874456557	930065063	409446823
336	16	13991	1	1	7	3	27	61	111	119	91	617	591	1903	3207	5613	17585	36279
337	32	170409613	1	1	3	3	19	29	49	111	131	393	507	2783	2543	6941	2975	47839	75189	80293	515151	317343	852007	1913209	3811253	8138771	17510335	41320269	119966079	125019891	357440859	243273737	1643235595	3797390467
338	16	14012	1	3	3	1	15	63	19	147	375	961	3	645	6627	7263	24217	45779
339	32	170408988	1	3	5	15	5	27	57	185	435	337	405	1851	2881	5259	17747	50665	64821	198111	421561	253563	1590777	2884831	4818085	7727341	19621631	66753581	91703457	244193047	17274957	560183679	1120398527	299224349
340	16	14103	1	1	7	1	29	53	41	163	77	267	1975	2823	2165	7379	6373	6477
341	32	170571069	1	1	3	5	23	11	111	5	277	171	1091	1435	6767	10873	20475	3935	103173	57605	488591	456601	986275	1545207	7931723	316897	2317537	44800983	39635311	91507695	21054219	593813085	1380314511	3633525203
342	16	14250	1	3	7	9	23	63	87	81	271	339	709	1453	3791	1797	17107	55395
343	32	170540834	1	1	5	15	25	27	43	119	483	161	723	2707	2273	12021	6359	46845	101589	12333	274905	469299	74485	2508415	2380807	3345091	2592423	17132917	27884407	252943327	416692405	441834385	300320283	3830144817
344	16	14414	1	1	3	7	23	61	91	239	379	103	457	3713	4847	15583	9745	54709
345	32	176199910	1	3	7	7	25	41	125	143	115	357	345	3417	7169	9511	31055	33513	21269	87727	385771	407939	672925	1486989	1885089	10252131	1851983	35194417	3042925	70459093	330758093	238261003	1520689923	3326211837
346	16	14428	1	3	3	13	1	33	117	49	43	211	1901	197	311	2861	27991	32051
347	32	176200444	1	1	3	11	15	5	111	223	39	417	1257	3187	709	15201	14389	15049	57485	175005	503343	771975	1674635	709041	1605003	929587	30260787	23943461	9356813	41004879	423482345	860171109	1484399161	3141581797
348	16	14558	1	1	3	3	3	53	45	35	195	727	589	3421	503	4605	2439	31289
349	32	176167542	1	1	5	7	31	35	27	43	27	119	1883	1669	5507	13835	15757	32077	51805	98797	29641	904587	1239939	4046999	3045087	9855711	28460015	27491459	53384175	216142337	217038551	647371591	131214377	1844851449
350	16	14608	1	3	7	7	29	39	35	61	421	433	2009	2715	3531	5525	5293	3237
351	32	176339728	1	1	5	11	29	55	25	81	221	675	943	3695	1139	5829	3591	49753	110981	80781	351785	748807	690945	3399987	326453	15587173	29111809	36178479	91883347	176625419	355703511	115717377	578327987	3622678997
352	16	14695	1	1	3	11	11	13	41	27	231	867	783	1667	53	2877	17713	54005
353	32	176329037	1	3	5	1	11	9	127	217	499	273	233	409	2337	3177	19975	987	16069	15431	299577	756997	524039	630053	3187547	14466469	32243527	60769421	97199341	154433349	385214221	723316805	1273935179	2913436791
354	16	14774	1	3	1	3	3	31	59	163	1	323	879	3853	5567	15951	10553	45953
355	32	176305054	1	3	7	15	17	57	97	43	49	787	1625	1053	3525	2457	7415	13157	67269	39743	5067	1017867	888341	2325053	8154205	5793863	23211645	4470455	132064197	92557785	11295289	997381413	870781707	2987612969
356	16	14883	1	3	1	15	3	25	113	195	463	949	1979	2495	1485	6321	16441	28631
357	32	176730665	1	1	3	15	17	13	69	135	343	855	493	847	783	4485	25053	60083	108013	197301	512831	183491	1222101	2550889	4305081	15113723	6652267	30329891	71892041	264836715	118704323	549908369	1237489369	1369562015
358	16	14955	1	1	3	7	9	19	19	85	135	19	49	1425	7497	3519	28631	38743
359	32	176722657	1	1	5	1	5	47	125	35	195	675	935	651	4693	3051	29081	24253	108205	33101	158857	672333	941017	1195971	426401	4254583	13359759	59555847	116750195	89054303	497050641	348000703	193522901	2335903737
360	16	14988	1	1	3	9	19	43	77	39	367	903	587	1441	361	4051	11059	26751
361	32	176699948	1	1	5	1	27	11	81	249	323	303	397	345	545	10611	26751	61777	59701	240077	338409	769869	245575	1450727	4291317	7036621	10470815	41669251	34282249	79734461	381917357	450831551	1160643187	3702567381
362	16	15184	1	3	1	3	25	7	43	135	321	921	717	3739	2355	15139	4133	47099
363	32	176855376	1	3	5	15	1	31	85	191	209	505	1881	1255	531	12571	4731	63571	122309	151399	170617	1023179	1198797	196299	1743209	13712139	6106429	40140653	132715685	154401099	233196287	154962063	1349637711	2411644391
364	16	15305	1	3	7	15	19	27	73	125	67	577	1565	3631	2527	11765	30171	38815
365	32	176823115	1	3	3	9	1	31	31	1	427	849	169	3609	7085	9637	10317	17087	31757	50183	421599	214605	1213525	3958499	7555603	8380085	14186479	32749549	18128973	35421637	163605569	187254473	715639537	1869022979
366	16	15314	1	1	1	1	5	31	31	167	61	859	993	3069	7107	1543	8263	29343
367	32	176822746	1	1	7	13	19	33	45	53	133	219	2007	993	3493	16377	19557	29069	23117	229709	279755	768321	1860679	2137197	3088457	5462121	25352441	8561703	81284267	101172453	391384417	177457029	871641273	951894401
368	16	15457	1	3	1	11	17	27	57	149	329	939	1889	1129	4613	1447	13209	60459
369	32	178295907	1	3	5	7	9	49	117	179	265	91	1525	1565	5469	11341	11781	52941	126733	256367	418985	73891	1804197	1646501	3979145	8962335	14310197	55595935	8823529	234320409	427294129	505763633	938647161	2136455217
370	16	15464	1	1	1	15	31	19	31	195	155	237	101	3389	1109	10165	15253	42229
371	32	178296040	1	1	5	13	3	1	39	53	327	901	1457	1511	6413	15727	22953	15683	128749	242709	112089	638241	1505407	3154365	8174307	5674761	5177843	4935561	133893285	30054827	156828353	30371099	897780613	2628976695
372	16	15573	1	1	7	13	19	51	47	17	205	305	115	3141	711	9071	13289	6431
373	32	178265847	1	1	3	7	31	33	87	95	125	801	327	3583	2155	4485	29029	6353	84717	249693	222671	951723	478011	707205	2713267	13982915	3400265	52876421	49184747	117630451	78319903	296167009	1180303505	3679762429
374	16	15580	1	1	7	7	9	55	63	225	151	51	1751	3263	6841	5969	6839	46769
375	32	178265724	1	1	1	5	5	59	5	111	19	771	1313	2637	2789	9709	11501	25391	20269	9637	59581	348841	932585	2753671	1702809	7752203	19282431	14448311	49321461	47987449	407167001	26641713	1055760625	1154938899
376	16	15884	1	1	1	9	15	43	19	251	419	73	1835	2519	1421	5325	25029	8253
377	32	178831020	1	1	7	15	1	13	21	99	139	1001	861	3053	3039	14359	2495	11225	110677	205389	472651	19235	1833973	1444841	6110089	8854399	29127447	46429101	49852681	101354609	21238083	407613803	722604235	65949725
378	16	16049	1	3	5	9	7	29	37	113	461	653	703	3979	5501	6667	7759	56371
379	32	178795699	1	3	3	13	13	27	27	21	149	989	105	179	5935	15769	7309	40779	127021	216055	273631	303081	768569	3549015	5025255	7751217	21287105	25420337	43434549	70670927	48742275	738545789	218149833	2620297911
380	16	16154	1	1	5	11	19	1	1	17	463	703	1547	1797	1975	10767	17163	23781
381	32	178961810	1	1	1	13	1	59	37	117	375	191	31	3227	5317	449	23003	10937	104213	41165	63949	650401	1452141	3715687	1328425	15998449	21872347	26680355	72603211	252259519	418204577	474102261	231149367	376817333
382	16	16172	1	1	5	11	9	7	95	157	179	861	329	3613	6943	3383	30103	28261
383	32	178960268	1	3	3	13	17	31	35	25	43	575	1983	2511	2939	4959	9963	14385	53829	165455	416655	380457	34405	938579	6528815	2743629	6270527	43782435	13486971	33798347	130564255	274874811	556230495	4050121653
384	16	16526	1	3	3	15	11	49	77	169	1	873	1651	1559	4599	4625	27335	5721
385	32	536887334	1	1	1	13	9	7	95	21	241	907	1217	2469	2445	6423	7321	2869	91755	50903	282031	963411	1221295	1488217	4336877	11614671	23669103	4877653	19386475	71409523	141768043	319249857	269046555	1267840771
386	16	16648	1	3	3	5	1	29	87	191	479	597	149	2619	6439	12601	29029	17959
387	32	537051528	1	1	3	11	29	31	63	241	83	831	1473	2437	1111	5267	28457	7417	42867	85863	204621	605713	854207	3676897	5969533	7382155	26159557	53774645	82697771	241708883	92929393	264668145	1380959307	3204812783
388	16	16666	1	1	5	1	17	15	27	147	229	719	1913	3807	6975	8719	15267	53715
389	32	537052050	1	3	7	15	11	15	13	27	493	605	971	237	3409	14559	11765	15435	61207	110765	518365	146997	815329	1936461	4749335	12183733	27538183	1818579	61052397	195235511	491376575	572021537	1820843063	2630337701
390	16	16828	1	1	1	1	17	59	53	171	361	701	1757	1979	3133	15451	28795	63633
391	32	537021212	1	3	5	13	27	23	23	225	409	135	505	1039	1191	7015	19153	16143	57759	1981	309503	586867	1416061	3349101	5763405	4802555	1673967	51061977	59208651	122219801	530671125	251850701	1228961995	2987331865
392	16	16955	1	1	5	3	17	39	55	191	115	407	845	3413	7439	12707	2851	56415
393	32	537446577	1	1	3	11	9	37	47	41	431	319	1259	2049	2359	8065	1387	57209	86323	220967	435341	173649	322411	3715507	2831497	8066555	23790105	61641293	40302001	118975139	133924145	872564259	1667989613	1278640611
394	16	17123	1	1	7	15	27	31	21	195	179	155	549	963	7071	10431	16315	44773
395	32	537422569	1	3	7	1	21	5	123	233	175	729	337	725	4401	1269	15377	61611	21783	167789	236189	330363	191139	2795907	590525	6290131	6547529	5646987	79021703	57319195	195092551	370064571	390824231	1119202853
396	16	17170	1	1	1	1	7	51	5	171	249	541	599	1495	6869	9179	7545	28741
397	32	537575706	1	1	7	13	15	15	9	253	137	85	1697	3879	405	2535	3493	5355	98839	214127	33049	115839	542001	2495789	5085971	5276571	33003391	4788459	53730743	134293641	169541575	492553769	179437239	1631936453
398	16	17179	1	3	1	13	19	43	109	223	239	89	1559	3797	8043	13527	11647	55829
399	32	537575825	1	1	1	15	13	23	19	111	159	1019	1763	1159	2645	15027	17633	2953	84819	40935	135183	61777	1332847	2052361	1259841	4064685	12385413	66533937	20163265	71531461	100762655	314692173	1850113723	3318081855
400	16	17296	1	1	3	5	31	21	109	45	349	177	5	1099	4537	1335	9361	49215
401	32	537543056	1	3	5	7	27	63	51	207	101	931	951	3605	1393	2269	7919	46385	23075	123525	510415	743001	80873	2156077	3954729	16615005	14173087	6069085	59483085	19509839	361979183	417425731	301808425	2094362531
402	16	17506	1	3	3	13	9	3	101	185	435	349	1683	1187	2511	7109	22133	50819
403	32	539028586	1	3	5	1	3	63	105	101	59	93	165	2643	3253	8589	13609	50807	88463	160957	146399	736671	939229	3076453	4334083	4664451	4901853	64357191	61405579	249794597	152271775	795506195	767678191	3217805257
404	16	17753	1	1	5	1	9	39	93	37	141	541	597	1847	5545	2013	6771	17601
405	32	539158491	1	3	7	11	31	63	123	65	37	47	263	3905	2479	5641	31605	2085	103659	110261	290253	888753	375389	469605	3731857	15014979	30995203	22190601	69141557	31307915	132319065	944458587	1764473443	2929767619
406	16	17829	1	3	5	11	1	59	67	57	221	573	399	923	6539	6077	6403	16971
407	32	539118983	1	3	1	13	15	61	83	111	141	213	331	1197	6633	2511	15715	63077	66539	50549	273291	740347	1246937	268143	1078957	3657685	30515399	21183483	125180637	65780279	39677095	317547233	1951766337	149019847
408	16	17998	1	3	5	5	11	1	119	103	453	399	1849	1185	509	16067	13301	41789
409	32	539551462	1	1	7	7	17	27	31	129	421	229	1883	3163	3307	6517	12249	49267	7751	64559	155961	611605	2045211	4125453	5785381	14487851	5745683	37041635	38498045	67108673	339238729	617999431	873876727	1458669565
410	16	18080	1	3	1	13	23	5	55	63	153	399	987	395	6237	15921	24177	19417
411	32	539512480	1	3	5	9	21	49	35	179	169	399	1999	759	3463	2309	11541	32381	116187	259733	168527	365943	1703451	2842663	4029965	4258313	8314779	2309657	134178269	115451181	56817085	1053457759	2032784971	143709963
412	16	18257	1	1	5	3	27	29	25	111	81	229	729	3649	6429	4509	32407	49233
413	32	539682131	1	1	3	11	9	9	11	229	193	77	1599	1205	591	2009	31413	48047	129983	231263	523741	70097	1698955	2400447	5174229	5985199	33235583	62407699	7641785	263628327	532829217	257758779	1652510691	1054786825
414	16	18264	1	1	1	1	19	37	87	41	365	951	2021	987	4439	10427	14383	2877
415	32	539682264	1	3	5	13	1	51	69	95	437	29	1809	1839	2789	4377	15789	47235	55591	109741	46015	450835	860807	444061	4423583	5750081	23968535	61425299	11092695	163372193	288381383	414707895	1329358051	2630099429
416	16	18423	1	3	3	11	9	5	115	229	117	621	811	2897	4979	8199	23201	43815
417	32	539651549	1	1	5	7	5	49	121	189	493	143	637	2889	207	9819	3219	37195	104823	180175	158139	180305	1016967	2036895	3633383	8907347	32980523	60264441	91188015	9568183	115584385	394131833	548793345	1719944553
418	16	18514	1	1	1	15	25	41	99	23	113	409	1631	2143	3459	11367	2647	13485
419	32	545319514	1	1	7	11	21	45	73	141	481	409	985	3563	2159	4635	30013	31427	4215	6751	412265	301545	1241015	3838387	5026495	15729763	16768343	12398343	33397031	12413077	144570677	893721857	354229839	2638502413
420	16	18523	1	3	7	9	27	47	61	157	497	663	351	485	3451	13061	8429	4829
421	32	545319633	1	3	3	5	27	47	67	185	97	567	1803	1337	4427	11845	7747	18409	127075	253333	334361	872871	1053797	2314421	7463353	4423355	23674951	49512681	11932745	82285851	499896845	872612815	1960774733	3675135427
422	16	18599	1	1	1	1	17	11	101	1	73	979	1131	1637	857	14937	9665	2813
423	32	545276045	1	1	5	5	11	57	121	167	201	163	1967	3025	3283	12879	5861	39747	67511	181663	351083	117475	834237	446131	5917615	1249737	13906571	18943621	63318101	9525739	54224309	904614261	1960673119	721685837
424	16	18700	1	1	7	15	25	31	57	255	409	639	811	957	7293	293	4559	47925
425	32	545442220	1	1	1	15	23	33	119	221	409	295	1741	801	1659	10471	15117	26731	83431	41535	156975	1023585	763429	1632283	589873	9406511	15668503	42867257	91089967	146033167	398259605	223567837	606133447	570880405
426	16	18721	1	3	7	13	19	45	117	125	41	827	61	607	5363	6647	6019	45643
427	32	545440035	1	1	7	1	1	5	123	11	217	825	217	107	81	2491	6885	27169	37075	101271	393209	237667	689527	3446811	6189149	9041921	18321707	14618975	114176823	116505237	365080395	98241373	918271663	3616704175
428	16	18823	1	3	5	3	17	35	105	101	223	107	201	3921	2555	11235	29079	47399
429	32	545409453	1	3	1	7	9	55	59	223	115	907	941	3917	5835	3655	1533	26057	106659	256949	53819	403297	1054075	1314577	3403561	10264349	8319865	50161641	78841967	124071875	45438557	307990253	1049498711	844712407
430	16	18914	1	3	5	13	31	43	87	181	285	703	249	1097	1985	11811	3845	8203
431	32	545415658	1	1	7	9	21	5	69	229	101	285	491	469	2907	15373	11539	20623	20527	83727	427945	738347	2094131	3156755	4332403	3820339	5733043	11973067	21729485	172116735	69531157	740847895	1334075501	1315733541
432	16	18971	1	3	7	9	3	47	53	199	257	429	51	2471	1119	5977	19589	42849
433	32	545835153	1	3	3	3	27	5	111	183	209	765	1799	661	5927	10451	23183	48541	49547	53349	23289	603105	1363881	3056455	6220977	4829573	4361739	63395803	21038817	233106375	338035545	642066833	930652797	2842625751
434	16	19413	1	1	5	11	17	15	111	35	405	613	973	967	3833	12701	401	15073
435	32	545942007	1	3	7	1	31	19	81	43	29	935	2015	3893	5239	5453	17127	58453	10651	115493	307581	1031531	1259065	2916593	8269347	6977053	22877815	38238233	110132765	193814047	101924729	722684655	903859113	1037416759
436	16	19581	1	3	5	11	1	45	81	117	67	523	787	963	7625	1621	22847	21443
437	32	547415775	1	3	1	15	23	7	51	19	175	331	1895	3543	3023	5391	16801	64825	85859	163541	21851	595977	924693	3228701	2780697	15033041	14902397	14560193	21797845	60905805	206618021	759096565	1215359547	813764671
438	16	19628	1	1	7	11	21	27	87	149	171	867	325	1713	2225	10561	26605	59983
439	32	547374092	1	1	1	11	1	15	57	227	407	147	115	2413	4973	9453	8011	33509	52411	41991	126751	733957	1937691	1360681	3633531	8823717	11450317	41123577	50212625	197817983	529595875	245700891	1333460813	631791023
440	16	19684	1	1	5	7	27	55	55	127	169	797	849	5	2717	9547	16099	44733
441	32	547382468	1	3	7	1	25	13	121	157	105	807	1987	1335	4051	10617	6085	25531	96935	248509	14349	519947	1080095	3602179	8178447	10805139	10507231	13328201	34099649	163478629	300607113	820146971	1544307907	390626893
442	16	19711	1	1	5	15	29	27	79	35	447	795	787	2473	4399	13071	2157	28905
443	32	547382869	1	1	3	13	11	31	113	35	431	219	1317	3127	6229	963	30899	37541	86779	54119	483741	146183	1732885	1288485	5598987	15964645	20556245	14058881	74426423	59395433	363102583	718437277	1333650137	2635271527
444	16	19819	1	3	5	7	9	23	53	165	231	869	585	2297	5651	15531	12703	15929
445	32	547546593	1	1	5	7	17	37	9	203	459	207	1961	2657	507	5641	6231	13071	106767	160367	124683	524417	1631107	2153651	7697599	10274373	27892689	11388093	126761155	20464343	333331813	456206771	1242042145	1756368349
446	16	19917	1	1	1	1	9	35	49	63	159	909	369	2045	7107	7479	24793	46057
447	32	547515759	1	3	3	15	7	15	23	15	79	543	1507	1771	3057	15699	9087	20741	98299	239461	6361	906381	1900429	3864485	7250669	4038565	3537653	38558853	7909401	109835177	438641619	553227909	1264817605	641811391
448	16	20049	1	3	5	15	19	23	117	249	425	659	1807	1575	2965	1475	23269	10569
449	32	547941459	1	3	3	5	7	29	59	125	233	419	505	413	6213	4577	20219	61853	76171	244709	272409	729543	148313	2277855	6733173	10506119	25485271	62145565	125483059	133715947	159667267	34326679	1889527685	150572551
450	16	20085	1	1	5	15	7	13	87	125	297	41	715	3287	3869	15743	31771	50553
451	32	547939415	1	3	7	15	9	57	73	107	249	715	941	359	2891	6535	14541	48751	107727	66637	252781	551237	1285075	2095727	4283175	10967445	30983683	4108829	14135239	204028313	354078249	144796709	1538873495	1995414641
452	16	20215	1	1	5	9	25	9	101	83	237	717	357	3687	439	15189	15529	48353
453	32	547906781	1	1	3	1	7	19	57	87	349	621	819	3539	4817	4623	10813	2685	86347	32391	81277	639307	1323713	401857	2392139	16723473	7403343	36407811	31305701	174308393	227742867	230461113	1466344127	707557363
454	16	20272	1	3	5	3	21	31	109	105	459	833	1911	2555	7081	13019	23945	28217
455	32	548062512	1	1	1	9	29	55	53	69	3	979	7	3649	689	107	19745	8453	111739	206503	453631	167111	51779	555873	485543	12199899	20672549	42273961	47923013	110597467	52211063	953429749	1012945019	3980471587
456	16	20316	1	3	1	5	13	49	95	75	383	841	1987	1043	5755	13873	10505	61965
457	32	548072956	1	3	5	13	3	11	113	119	39	745	535	867	1605	3867	6075	59085	123883	157829	214559	911555	2037973	389969	7582915	5225441	26567317	51056691	64333217	166237585	492481367	289011941	473919169	990769983
458	16	20402	1	3	7	1	31	5	9	163	359	361	1819	1599	4299	1325	1771	28765
459	32	548029882	1	3	3	7	29	37	29	167	351	153	1359	3777	5865	16125	10367	14673	125267	240021	207289	51269	818887	3936603	371163	7206561	16262157	13674515	129561337	249640707	237479263	910809875	1517305961	1244971219
460	16	20502	1	1	1	13	23	63	17	195	361	987	569	3651	4291	12643	13171	42073
461	32	570479166	1	3	3	11	21	23	89	15	57	1001	75	3257	4473	9299	19507	15717	12627	227389	348241	923953	261791	4128929	7408019	14258385	30578067	62047575	52584301	115109883	418293047	689667669	135218241	183177567
462	16	20801	1	1	7	7	13	47	113	37	475	553	1483	861	2081	13657	19347	6915
463	32	570618179	1	3	3	7	17	61	91	211	39	331	1263	141	1021	7779	4573	49465	9195	181181	85297	422589	594435	2012211	1207381	15402209	15782909	7696793	76929877	107804495	23097131	921527581	2067028511	1985434079
464	16	20911	1	3	3	15	7	49	125	59	421	355	841	1287	3043	14463	10149	33389
465	32	570579205	1	1	1	3	7	53	15	177	253	529	15	4059	8011	6827	20679	58563	103519	64775	150423	158805	2004245	2139943	2754921	15412043	32084691	10837375	8048169	257842577	122355217	226851649	927659341	1788912465
466	16	21115	1	3	7	11	1	15	13	45	165	559	1603	1887	3657	11917	3157	35575
467	32	571013361	1	3	1	1	31	51	97	59	5	167	949	805	8135	12253	7513	9193	98171	45181	519539	567679	1031753	1387641	6619819	14912869	9305799	29207217	36496575	71208227	5441481	1038890999	328834415	2148104255
468	16	21213	1	3	3	9	19	43	47	179	467	831	1351	3563	8067	6095	26303	47679
469	32	570978431	1	1	5	3	13	13	55	245	415	661	1073	1077	877	3345	28951	10033	46763	154287	491923	400957	798415	684875	7452553	12390495	17703353	21923567	96103639	163566739	476594035	321134223	1691920081	2244972235
470	16	21492	1	1	1	7	31	49	109	161	349	267	1865	1361	2825	11457	31163	15245
471	32	571111892	1	3	3	5	19	51	51	137	229	873	2043	1231	5761	2515	22129	22429	80355	16909	170289	43327	1363909	401393	4622441	16137907	33528011	18679	51030349	224035021	490607715	1056800573	1518183203	377383555
472	16	21510	1	1	3	5	1	37	81	207	295	501	1931	819	1007	9635	25023	11285
473	32	572576814	1	1	5	1	25	23	109	211	415	597	93	11	7447	7041	19991	2337	81451	261903	315955	452319	145663	3097105	4337239	6659813	6338621	32053879	17304763	108841333	376571877	191817523	821502521	2428466203
474	16	21552	1	3	1	11	25	33	99	219	357	325	1277	1115	2251	11113	17805	55239
475	32	572579376	1	3	5	15	21	25	47	191	197	549	329	1135	4847	6369	12657	20435	94287	229877	415831	679929	836399	3452959	7682681	6477013	17190839	58661475	100494791	22929017	249547941	738276467	392327999	3718157157
476	16	21561	1	1	3	3	13	51	55	31	235	269	1847	1177	6513	3041	7395	60863
477	32	572579515	1	1	5	5	13	43	75	67	115	237	1601	1795	3065	1753	10447	40627	89807	160199	515123	933627	730275	1916437	6849625	10183817	6422953	47590423	106012039	1162597	1174955	171395479	1193322793	2011319897
478	16	21610	1	1	3	15	19	43	7	131	411	77	225	3565	2073	14117	27653	57575
479	32	572587234	1	3	3	11	7	47	51	213	55	711	1205	1361	4997	14041	27673	22257	46603	107901	522065	303313	1803629	2732061	5749793	15866591	24968769	14051309	43089207	177794583	52865059	856776711	252605967	2399009303
480	16	21708	1	1	7	13	19	3	123	153	165	365	269	2061	4489	15061	16169	42221
481	32	572552300	1	1	1	7	9	37	123	15	261	933	427	567	1815	9111	23245	49795	17759	184375	247447	669809	1675571	2285851	614181	16307005	30432647	29764579	116236005	168427365	290522981	568901781	1777590959	3668677717
482	16	21747	1	1	7	5	13	61	89	53	273	827	1625	1487	3353	1615	12485	20329
483	32	572555001	1	3	5	11	29	47	69	75	1	617	1791	1245	4481	15517	24537	28591	68119	83653	10071	37181	1729455	3781417	3558751	8533869	18793523	18592535	26421401	222457239	218222519	820893531	1542065975	3880750937
484	16	21897	1	3	1	5	5	33	9	111	11	673	607	309	1885	15587	9593	45337
485	32	572675339	1	1	3	3	15	11	27	93	375	595	1561	2723	5015	4189	10683	36887	125223	218103	419701	441137	556469	2420649	3634081	9330071	15575729	55345689	83087155	116014573	279944421	295682735	1209774381	904055685
486	16	22030	1	1	3	15	25	35	41	211	281	467	521	895	6627	9763	8249	8059
487	32	573101734	1	1	7	13	21	5	31	249	505	995	845	2701	5451	7221	25247	6177	111115	211919	189937	190487	1726627	2536171	1237329	15668131	5846599	31045445	6727807	241604011	246632213	92746951	593141801	3590840187
488	16	22086	1	3	1	11	3	25	89	183	281	497	1735	1081	7969	629	19783	16733
489	32	573109870	1	3	5	11	31	13	21	163	425	353	1011	2593	2237	12593	13667	5217	44715	59565	3127	552989	1359021	971471	1268995	10209133	22858859	28795983	102988709	77443731	41719171	407276095	1260882853	233201491
490	16	22202	1	1	1	3	23	59	39	237	149	1021	1019	2153	6695	2551	2327	42029
491	32	573070386	1	3	5	7	25	31	25	157	93	287	75	3125	473	2451	18521	55885	68707	93293	81047	668625	339763	886241	5966899	1555651	31238963	38046401	15514417	252319215	287815343	544646629	1060099595	3190441795
492	16	22230	1	3	1	11	15	51	89	119	483	619	1713	2605	1169	6849	16393	58643
493	32	573076734	1	3	7	9	7	5	15	39	251	523	871	1267	1677	4351	27343	31787	103439	58629	379381	534971	961017	3923839	3515977	10155677	27235865	60790161	119348493	59404993	485856359	245325369	235095253	2938408793
494	16	22240	1	3	1	13	17	55	109	67	369	433	1431	2761	6137	12589	26447	28049
495	32	573079264	1	1	7	1	5	49	27	169	353	291	549	701	4909	867	4757	56423	95031	240679	232529	934267	1383531	1575247	1186941	15630571	17100271	36236469	103078199	55839691	380962611	102311325	604233879	603338097
496	16	22311	1	3	3	7	31	23	65	57	7	73	1387	3225	7455	1101	5879	16195
497	32	573234957	1	3	7	9	29	1	101	135	315	729	1775	783	6957	10903	8895	23925	89587	53501	356213	116955	650659	651599	2661571	11564921	4778513	21386691	115378433	151089317	100140319	379166273	1592195253	4151649671
498	16	22388	1	1	3	13	29	3	7	113	209	933	1737	59	3357	977	25933	30703
499	32	573242708	1	3	5	9	13	41	61	201	65	1015	1787	1923	1629	3067	19347	20755	55263	194757	346039	772287	1327995	1358535	6881707	7564135	8493847	24604321	106290209	232181593	85815111	1000915933	376720769	2603845321
500	16	22408	1	3	1	5	31	45	107	161	263	21	1297	3441	7815	3191	6375	39927
501	32	573200136	1	1	3	7	21	43	77	63	227	127	1027	683	3757	10525	21913	19509	30883	130415	75285	149461	1061543	603757	3668383	1156313	10908249	61436693	40532993	159796545	389467367	221753915	1751352711	128378339
502	16	22527	1	1	5	13	19	43	17	195	359	1023	895	1985	2003	11675	22199	21581
503	32	573209941	1	1	3	3	1	47	87	11	327	879	41	3999	4593	15407	10633	49193	39691	181055	516373	397841	1425211	1175377	8061917	4067977	20079677	31864413	109138619	171579745	11746107	976294113	200814883	2090459927
504	16	22537	1	3	3	15	21	1	33	145	119	223	97	1741	2767	11441	32383	59493
505	32	578869387	1	3	5	15	1	37	99	31	243	327	1239	4081	1523	4741	29909	27371	24527	135781	269255	84041	761419	2294235	5578477	12784653	9974145	54275997	129114709	266040963	146652941	840221415	539678035	1078934293
506	16	22636	1	3	7	3	13	39	29	59	251	427	991	1691	7179	2879	26051	3397
507	32	578875596	1	3	1	7	13	23	103	33	439	587	985	623	883	591	15593	47099	13759	41413	80323	415945	283463	2857425	5184701	15581427	5144489	56196321	178515	25886641	134016137	616692437	2004629243	3562184789
508	16	22759	1	3	5	9	7	23	5	241	199	879	505	727	643	14399	12917	34319
509	32	578842829	1	1	1	9	11	21	31	105	143	205	109	3815	3759	9933	20351	51771	88303	155895	114119	339791	1153501	1423591	4153817	4002243	10093537	64094135	57296011	156266185	374993045	965854415	156390425	282037297
510	16	22766	1	3	3	9	21	25	65	225	313	835	255	2681	8017	12939	4101	13507
511	32	578842694	1	1	1	1	5	43	125	71	57	337	1725	3297	2377	10777	16425	2221	79619	176351	40007	406599	951363	4162405	3007231	11476945	27608195	21984767	12645435	222374303	427484607	319076687	1589399039	1879052635
512	16	22797	1	1	5	13	19	21	67	139	63	221	1193	1429	5273	13303	2057	35007
513	32	579000751	1	3	1	13	11	63	61	65	107	487	1197	3653	5393	8605	16307	51629	15395	158093	329411	357315	1789013	1224925	3733551	14564871	19780189	21884789	29017103	263363395	518947439	346462443	1788535821	848397695
514	16	22834	1	3	3	5	29	49	45	161	269	485	143	3589	6503	3675	21935	45093
515	32	578999098	1	3	5	3	27	5	39	175	341	461	425	179	1309	9555	27997	18123	5471	79589	503495	490053	1374409	4068991	8342529	8678965	26794455	50695963	107647399	102614421	125504799	649546853	2076563663	2132681341
516	16	23011	1	3	5	13	15	39	63	107	21	1009	591	4017	211	8309	22719	43897
517	32	578974185	1	3	1	3	15	63	97	75	445	737	59	1391	6131	7973	3409	52373	119219	254525	147011	593869	1276365	1702637	3400547	12768693	1986543	16267127	94211533	162667613	56476801	968935615	1450923159	2491322851
518	16	23032	1	1	1	9	17	47	91	245	399	743	989	2457	6731	6413	15117	3131
519	32	578974584	1	1	7	15	11	31	23	41	215	679	1003	15	7789	8409	6561	43807	50599	232023	346049	923589	968649	3751029	761157	4264763	4149273	53691757	89310777	235820933	386167583	660570495	324467559	1290454009
520	16	23257	1	1	3	5	1	61	5	241	73	393	755	1851	73	2425	2505	1071
521	32	579369051	1	1	5	1	27	41	57	159	217	633	837	387	6083	1901	2381	61145	91563	185647	70275	81551	969613	1330587	2718599	14494921	14026115	63326007	7487571	124556653	363607377	289421927	2081322779	1506953079
522	16	23326	1	3	5	15	3	55	95	101	51	285	1331	2551	5211	9285	9289	56271
523	32	579525046	1	3	1	9	17	43	1	131	495	805	1543	385	6329	12309	3023	19717	23411	205069	516355	549127	2071815	71469	8175891	4770605	5054445	65879031	26973425	33887259	491074215	653533795	640530945	3073186767
524	16	23466	1	3	3	7	9	41	121	61	215	887	2037	3905	4185	2333	16499	57555
525	32	579490594	1	3	5	1	17	59	103	255	299	367	995	1147	6993	375	3369	44949	55491	151805	199687	373767	114183	483869	2511957	12710109	20759369	27041989	87133073	73410561	169068587	445868601	1556225155	904109595
526	16	23508	1	3	7	5	13	59	123	217	217	417	1917	59	2881	15785	4993	56273
527	32	579500532	1	1	1	3	31	49	115	175	313	531	479	1153	3163	1319	14581	50695	8391	168855	335367	793093	58397	1708547	1463917	13869197	25101227	38807261	27268381	52361075	19361829	525026197	854958039	980010353
528	16	23604	1	3	3	11	15	31	113	107	333	33	1997	1345	2199	8717	27779	41555
529	32	580965908	1	1	5	7	15	61	109	125	189	19	1583	569	3127	7023	11243	22837	114755	230095	267875	267241	108597	1545951	2270283	14946995	11203667	8515261	38120093	259381963	411438105	317256965	1659285193	3683445375
530	16	23745	1	1	5	9	9	25	87	245	309	739	325	137	1275	12851	27975	53897
531	32	580943043	1	1	1	5	5	27	15	123	21	755	721	373	4191	4921	5487	29439	58727	209351	517031	838755	1490795	3432293	6389069	5044585	14610239	19974101	65246787	135217979	461206609	731048243	1835800641	93374245
532	16	23949	1	1	3	1	31	47	23	229	149	321	1643	1871	985	10075	17637	60235
533	32	581066031	1	3	3	15	11	7	25	193	61	467	1179	817	3537	14587	24763	51107	91695	123285	182881	327269	1393017	1600717	1633691	380879	10459771	8244365	89680745	73007403	531069759	166218237	591739561	4286801177
534	16	24067	1	3	5	7	7	7	49	21	297	639	1189	3321	5735	3461	6533	2159
535	32	581492233	1	1	1	5	15	45	125	137	361	765	1137	107	31	4327	32681	44667	55839	102183	23847	832739	1092385	4074759	2007355	360935	5829679	64717547	72733839	12815325	173219629	606244693	159242427	1406442389
536	16	24488	1	1	5	15	9	55	33	189	241	49	1323	3473	6647	437	12825	58863
537	32	581588776	1	1	3	15	5	37	107	105	481	161	93	2701	907	15599	11171	21407	107159	183911	137637	193069	927927	753843	4188309	776907	22855679	58033639	54967739	241458003	443410501	919900269	602367729	1818878021
538	16	24809	1	3	7	13	19	21	7	73	77	165	565	1825	3719	15763	14727	21431
539	32	671107179	1	3	3	11	9	43	121	117	421	293	545	2999	253	4521	21961	18439	3371	139849	265277	637781	1783895	1620433	9351	8579647	984007	24062039	9379731	249498061	24041771	75638475	1057860851	1422637261
540	16	24849	1	1	5	7	31	3	85	33	375	39	5	3101	4143	8711	15309	29265
541	32	671277843	1	1	3	1	11	27	121	37	415	647	1939	3527	7627	16199	15201	27525	110607	56971	501161	597503	1494481	2387909	1301303	4539359	19708029	67098241	116334565	25046921	55950541	39230585	873182759	1180136879
542	16	24878	1	1	1	3	19	21	81	163	43	465	1301	2639	3369	3533	19081	16987
543	32	671279494	1	1	5	13	1	43	59	159	251	833	1985	1905	5543	14083	24131	807	12995	218267	463807	397215	685379	3406417	2405653	4378993	2313421	57425311	133410123	224098075	332709181	207856789	791254045	4171971785
544	16	25022	1	3	7	1	23	45	1	247	65	535	47	3479	1687	453	16513	11825
545	32	671247126	1	1	1	11	23	13	73	187	17	981	1081	4065	6247	8581	7929	20925	60959	144971	32875	187505	755673	3180283	6989915	12258913	18848319	61381039	54862107	93684715	388582493	36116755	931087147	2352960551
546	16	25042	1	3	7	13	3	41	33	243	295	769	431	4005	2367	8281	10751	22927
547	32	671237082	1	1	5	13	27	59	95	169	131	51	13	981	4191	7515	533	2029	50703	198955	513775	888063	1419737	3026165	5893201	16271967	4001529	36871485	128201235	141689735	372143517	586630397	1063924763	3239717039
548	16	25051	1	3	3	9	3	13	97	217	499	503	1429	2927	1243	1639	5979	10217
549	32	671236945	1	1	5	7	17	15	69	79	431	605	1095	1021	3241	12345	32235	53167	77427	101339	94463	251413	1120583	729941	4571251	9251453	26096409	52447771	121225365	89794363	144045579	179323715	991225793	3057773985
550	16	25060	1	3	7	9	13	5	79	243	399	607	1611	593	371	1209	31451	4613
551	32	671238596	1	1	1	3	29	13	21	47	359	541	1181	1355	3295	10009	15697	5789	84735	98059	14955	283001	284611	414959	885319	16198813	32891585	20204651	65832911	228893433	238416785	587312223	1904251179	1130088247
552	16	25122	1	1	3	7	7	27	43	41	415	843	1035	1079	5829	12181	5217	49527
553	32	671672874	1	3	3	11	5	39	109	19	451	265	1547	3403	3727	16221	29255	35361	105119	86137	292429	427317	891803	2683013	5507531	8304849	22153997	15303703	69379025	135365877	126308833	835158539	1201818005	1505612263
554	16	25194	1	3	1	3	1	37	15	237	113	69	1735	3425	5351	1297	8911	34337
555	32	671664866	1	3	5	15	25	21	117	135	225	253	1043	405	6807	5153	24069	62555	69475	186345	453787	1029085	224143	2400703	7446263	4507861	17018711	11525447	87158017	251299403	25796293	1065291463	1735748191	2194981689
556	16	25257	1	3	5	9	3	19	93	93	67	469	1573	879	4849	9583	12989	27577
557	32	671640107	1	1	7	7	9	3	27	33	267	311	1943	605	8183	7335	18251	49157	32487	219291	461677	334705	191391	1543097	7310549	7096751	30333505	29300553	67486145	257381051	445953221	305229313	214407709	3596759163
558	16	25292	1	1	7	13	21	39	53	49	3	685	1903	845	7569	12191	21727	3779
559	32	671629932	1	1	3	3	29	7	47	221	395	989	2011	595	6297	4463	29525	58987	59203	149995	35481	307037	738179	2898613	1183625	8598491	32858201	48589635	55100665	51689453	409822951	42600917	1103633187	1803101625
560	16	25369	1	1	3	1	9	27	41	33	415	27	763	1131	4063	15807	45	55215
561	32	671801755	1	3	3	7	7	61	61	37	455	457	1387	2069	4285	3921	15569	37227	34515	193481	37405	122585	17921	3481627	8006735	2240023	1916949	16285823	21690881	248985259	181255855	664433635	1089926763	1004029041
562	16	25454	1	1	1	9	21	43	69	195	115	439	601	2367	7457	9361	20395	42085
563	32	671796166	1	1	7	13	23	9	23	11	283	887	1583	3655	6315	3751	26413	42641	68311	21163	401997	540027	953877	3864591	7807005	11029581	13816373	8647529	69694953	54448241	273286701	145178617	46296235	1832130531
564	16	25472	1	1	1	7	1	43	115	251	361	475	699	3967	7069	9289	7613	44237
565	32	671769472	1	1	5	3	11	39	103	39	409	907	1967	1419	5975	8129	28161	61673	24471	54219	471951	347121	357653	3647753	4194657	8823169	17334111	51146993	92894961	87665005	168677513	440177575	1980427307	584093155
566	16	25526	1	1	3	7	29	61	1	133	71	283	747	3785	2145	3233	16507	58903
567	32	671771038	1	1	7	3	21	13	61	163	107	203	815	309	937	145	8407	55737	22639	54011	211085	522293	247563	2009871	3971919	5420353	497941	34541605	26040689	12218627	35024427	699563275	269798317	463598863
568	16	25562	1	3	7	7	5	47	115	193	241	515	299	2619	4735	15399	6641	49977
569	32	671760722	1	3	3	9	11	17	99	71	33	339	1135	2181	3725	6089	16837	57439	119787	146025	338109	685591	1658641	493871	6629177	14425929	12019095	57157657	90461633	135565347	299506191	421306779	366014863	2101044461
570	16	25612	1	3	3	13	31	7	93	93	331	107	1033	3165	1791	75	20883	55995
571	32	673244332	1	1	5	9	23	15	83	121	19	937	1499	2441	4359	7923	21213	5395	102771	128843	290879	462843	756349	305785	5285685	12581143	10576521	6562887	35558225	166580631	191593101	548491157	2029629987	3890828833
572	16	25763	1	3	1	7	23	47	7	33	277	457	897	3167	2215	14869	6059	20419
573	32	673213609	1	1	3	1	3	45	61	21	317	907	1907	105	5187	71	13169	47995	110099	243627	388089	168831	1825401	4121923	5490239	6939719	7619759	44132585	57875069	231824087	473313017	429026057	264862119	2618166193
574	16	26030	1	1	1	11	11	25	47	57	61	39	1061	29	8113	12149	12569	13415
575	32	673344774	1	1	7	13	7	3	103	93	397	679	1779	327	7993	14375	27381	47747	79283	257483	420413	784251	554981	1623749	2284697	12033627	11521983	31106709	132149765	90525369	331598783	435380445	16712339	3391270897
576	16	26234	1	1	7	11	17	55	9	3	265	963	271	2123	1887	14419	9575	29483
577	32	673762546	1	1	3	7	9	45	5	135	73	851	795	1335	3631	13417	11119	48543	66979	225819	437593	69753	372415	3029015	2691703	6434005	3795551	7896089	70968949	221365145	42661545	499569407	36787669	2924634153
578	16	26433	1	1	5	11	5	57	17	73	273	709	2035	1093	3655	3845	25121	35433
579	32	673892163	1	3	7	7	5	43	79	227	1	351	709	4021	1383	1015	28719	62611	5883	224665	259193	772145	1186979	1515657	8218289	11859525	32085423	62983861	121278323	33372519	163471109	649127233	1283904601	2028158085
580	16	26521	1	1	3	1	25	63	121	21	283	781	1601	267	2397	15689	22889	63629
581	32	673867035	1	1	5	13	19	19	47	29	411	909	1719	3067	159	3281	15791	24581	8343	238491	458511	479327	203633	879021	4764305	16568107	16200745	61671187	118132309	152942333	515069329	379182951	1718021765	4032240755
582	16	26726	1	3	7	9	25	43	105	227	355	805	1221	2859	1037	11471	4763	2591
583	32	679526478	1	3	3	13	3	25	61	111	411	133	209	983	5847	4125	25395	46891	29931	36265	265933	905859	657793	1407111	512231	296589	4482573	49721819	16919075	114835757	80398801	179296699	2044296241	4064285301
584	16	26973	1	1	7	9	9	57	3	157	431	985	283	3287	4135	12675	27867	14139
585	32	679660543	1	1	3	5	5	37	29	137	271	249	1935	1379	6099	3735	26389	1123	69155	160827	510249	323083	1677831	1826359	4881535	985755	23480629	43325455	111104053	147498501	373960413	61916489	1089649443	2332612817
586	16	27031	1	3	5	1	27	31	65	235	267	499	1195	3587	6853	7465	5729	42243
587	32	679635901	1	3	3	13	11	35	109	189	231	707	301	3155	6277	15781	24637	27621	78063	162457	486109	242947	1612553	3009325	5471555	13455679	4168581	58593125	103574595	18310705	89341755	656825543	963774703	99314359
588	16	27336	1	3	7	3	11	57	63	133	317	119	523	3577	6705	3209	17053	54107
589	32	680020552	1	1	7	5	15	27	7	161	77	117	1755	359	2729	3131	4913	34399	12843	108891	374093	659651	1806925	1439741	7436505	3188759	10476695	59592215	1439353	62404089	186746255	273311857	897631679	1189440693
590	16	27624	1	1	3	9	31	41	63	71	485	683	605	1421	7021	9941	24755	30201
591	32	680149864	1	1	7	7	31	61	49	29	365	1003	313	307	5473	15497	20109	22223	51323	202523	244429	204225	535769	143483	6360115	16003783	22584191	2438521	99769799	142046569	447733791	372110019	2109458247	427574813
592	16	27779	1	1	1	5	9	1	77	239	273	977	1659	1911	4605	14705	8263	64099
593	32	681602185	1	3	5	13	5	25	97	41	1	195	443	7	1009	7673	9259	44181	124535	216841	414811	1024687	1983975	1912603	2946907	11009891	380475	23803497	34640725	122526297	319812551	45031651	191173249	2678866731
594	16	27916	1	1	7	1	3	13	51	35	43	399	129	2803	1887	3263	29901	41583
595	32	681766316	1	3	5	11	31	53	125	89	55	85	119	4037	5243	2791	30755	54341	122007	217513	2139	680105	290161	1717379	4584367	11978363	12125133	20504755	69756725	48401587	82327801	379136969	124229605	764689083
596	16	27981	1	1	1	11	29	13	59	15	139	257	805	1073	8075	4857	29257	8093
597	32	681758191	1	1	7	3	29	7	3	179	83	689	2035	1189	5291	115	31925	59049	32279	84571	466525	555365	1954163	4131749	4656565	4028989	3405293	62932015	62922857	98404155	419484041	565989213	2029127387	256146811
598	16	28153	1	1	5	13	7	9	119	185	411	217	1073	4019	2723	1985	7173	21197
599	32	681723771	1	1	1	11	3	9	125	55	215	281	1317	141	2183	369	7199	55955	62475	103723	459051	913313	684989	3370919	6093719	14767477	28774417	55966911	108924175	170507615	71071285	815286839	1714140981	2119138485
600	16	28214	1	1	5	3	5	1	81	109	333	1005	461	3953	1861	12103	12761	19409
601	32	682157086	1	3	1	7	29	33	47	11	37	919	1097	429	781	11031	15383	31463	104355	153673	496591	322797	148715	818803	6795637	422237	3962523	9628101	15106911	129222327	489493839	509388837	155415025	3343993665
602	16	28223	1	1	7	15	23	3	99	229	165	241	1073	3835	2475	3283	27847	59697
603	32	682157205	1	3	7	3	21	59	89	217	285	931	1189	2639	281	9179	16101	24109	19455	216345	441785	1007781	1453483	2397129	2396951	10678243	17900503	9528369	15306763	263259917	27320063	937255969	1946754827	2373106767
604	16	28340	1	3	3	15	19	29	117	3	487	251	1915	829	4965	2637	30383	43515
605	32	682124436	1	3	5	11	27	45	79	153	195	795	1341	421	2805	7085	3173	53777	75527	253817	516187	954793	695093	3485651	7904877	16451775	13832377	5500741	71240355	237853543	240223623	668664719	1269126583	1154129427
606	16	28391	1	1	7	13	25	39	9	161	353	289	797	2685	7883	9621	32149	45935
607	32	682116813	1	1	1	1	21	43	79	237	177	1009	299	1377	1135	4305	19155	63855	73603	70667	116427	157547	1691903	2942825	4657777	6161595	4063315	48534027	132709249	216950175	330421573	852537911	1561594393	1413270673
608	16	28510	1	1	7	3	7	7	61	155	385	847	1039	627	5785	5753	22025	45935
609	32	682282486	1	3	1	9	25	7	65	239	305	877	1113	1097	4371	10453	26765	39259	69459	213817	420367	308003	719603	1341917	7636391	5338565	6416183	47592935	115428571	12337939	70120905	973086299	1249137167	470204729
610	16	28513	1	3	7	3	7	51	39	223	11	123	1009	3995	2391	14677	26355	18825
611	32	682280803	1	3	1	9	11	63	115	185	39	171	103	3489	4075	5153	15095	40727	97315	178601	391631	64611	1537889	811713	6045669	7107431	9691469	63336925	119652441	118770551	386619537	256420079	1111160477	3093435649
612	16	28587	1	3	3	5	29	41	87	9	413	283	1339	2531	1867	5975	2201	8837
613	32	682256161	1	3	7	13	1	61	103	165	397	747	111	1299	2151	10795	10593	51785	125767	48825	282457	714667	776355	3159143	83925	6349507	2506959	5040681	118755825	242642053	38872313	747827453	880700175	4162220563
614	16	28601	1	1	7	11	23	35	55	165	3	1	1729	103	2591	8259	11675	12629
615	32	682255675	1	1	1	13	3	57	79	9	283	945	23	3409	891	8553	25603	64617	124431	22411	368251	189415	560049	276055	4402101	14018159	22835105	48280671	33865821	70960007	168954417	377663879	1427035193	909030551
616	16	28706	1	1	5	9	5	43	107	129	459	225	803	3451	3863	10691	17613	47803
617	32	704706602	1	1	3	3	17	59	1	221	227	625	1205	717	4455	9171	26711	36259	45443	78387	520305	652085	647975	2127401	5600359	3098767	29441577	15651367	104461607	215261271	494143341	206959213	967256193	2801809789
618	16	28720	1	1	1	11	25	51	13	219	429	39	1301	599	6361	2285	185	64329
619	32	704707120	1	1	7	1	1	43	17	37	397	655	1603	2733	6737	7741	1877	53695	49859	95443	238677	690431	1622835	339993	6989335	10935543	12927479	21522693	87429933	26537563	497012603	86743503	1045097215	2088151973
620	16	28757	1	1	3	9	13	33	109	63	369	409	1071	3407	5453	10485	3169	35311
621	32	704696951	1	3	7	3	3	61	109	81	289	971	683	2397	2451	13201	21081	2417	39951	235025	269969	493597	216053	167979	6936583	14935131	9417683	22714425	10227277	207183035	96868633	227107367	1231503531	2303160179
622	16	28850	1	3	5	11	19	3	123	179	481	77	1855	1285	829	2615	2533	50845
623	32	704674490	1	3	3	13	11	63	69	25	241	693	377	3391	2489	8403	4771	46587	76771	220977	210997	716219	1608737	2803513	244075	10451235	29735123	57998535	80779939	61187581	239049463	468896209	10330421	1078264685
624	16	28975	1	1	5	11	9	27	87	255	155	595	547	3037	341	5569	10107	36141
625	32	704838021	1	1	1	13	19	47	25	37	455	419	1911	3587	5135	10097	19421	42347	68267	110739	130131	837951	1839161	297913	5697271	7849575	28545437	48540221	47547073	154868765	320874841	729408831	1006907055	1883277185
626	16	29056	1	1	1	5	31	53	85	253	313	897	1277	3179	3079	12611	13837	34929
627	32	704803200	1	3	3	7	15	37	77	195	425	531	863	1077	6071	12019	20885	57727	98995	205745	102613	58225	289201	1651883	3720151	11996617	598719	25704049	125321	136959899	444944045	216400397	2020705635	173723493
628	16	29205	1	1	3	9	7	5	107	161	469	65	121	1303	4391	9643	1419	2975
629	32	705228855	1	1	5	5	15	25	127	237	501	145	1167	231	1119	791	12623	64139	94803	259123	24503	697855	2003061	653687	6504317	242083	12764223	14390091	126961085	102471049	501722017	755480665	1120455665	11448517
630	16	29240	1	3	7	15	5	47	57	85	9	213	1331	47	3967	14055	24779	58597
631	32	705231032	1	3	1	9	17	11	79	33	249	341	1541	665	4751	899	7237	5633	25935	158193	382999	731227	1409843	3080441	2164585	11165135	13365707	58876279	85692543	255021731	337804493	809465773	612439795	723411963
632	16	29370	1	3	3	7	27	43	33	75	279	145	835	349	4621	15995	785	60039
633	32	705198130	1	3	5	5	11	47	99	227	407	641	725	2691	3145	5071	23107	30383	60779	107697	241651	618431	1133553	2873705	2049613	4538901	590593	14656895	66960071	217852089	206754463	226420077	2125262189	1601406201
634	16	29506	1	3	5	9	1	11	125	21	77	417	73	2277	7725	5655	20455	5441
635	32	705352522	1	3	1	15	25	57	1	91	381	913	173	83	4149	2285	5791	59287	22267	60433	223415	725565	907383	406747	5236675	14136265	21772667	43762587	79782015	171165017	405915107	64927095	219619957	3422626809
636	16	29594	1	1	3	3	23	25	5	211	199	283	433	3807	1277	10075	25715	54139
637	32	705327378	1	1	5	11	29	23	73	93	107	75	1383	423	1007	10577	31515	44245	28943	4563	17271	908817	1162043	308061	6404567	5792799	28020129	62585357	122468673	157741785	225944689	473823391	422137577	2305839411
638	16	29632	1	3	1	1	19	19	1	117	125	155	739	3639	6493	571	18085	54055
639	32	705319872	1	1	3	11	13	3	111	243	53	665	693	2625	3743	2731	18387	63309	75599	42483	434161	10013	155435	3957097	2107833	3972157	2392099	56378403	72670679	170328507	521101165	341150693	656277045	911070363
640	16	29844	1	1	3	5	31	31	19	41	179	815	1151	2605	5945	14469	23115	59365
641	32	706770612	1	3	5	7	23	55	13	151	95	661	1017	2527	5501	1125	27125	34667	124875	48177	337075	297309	532105	3862185	3972019	15461245	3836545	35744475	107794563	114060253	148911539	732352591	1671119919	2537668081
642	16	30183	1	1	5	1	7	61	25	13	307	793	599	935	7583	2559	15093	21657
643	32	706895309	1	3	7	13	19	21	53	179	479	363	545	1847	5803	15887	16025	41751	50003	135633	102449	245523	104217	1193219	3010927	752393	9733769	10739845	17745575	97775429	409630261	5914345	1074131351	4250854997
644	16	30241	1	3	7	5	17	43	43	17	7	489	1675	1241	4499	14089	21919	34007
645	32	707329571	1	1	7	3	21	39	113	57	79	683	1627	583	1467	2749	23589	16699	27691	233011	325493	746397	633923	3575261	7788431	12789035	23953197	56142853	101402589	97802529	237392133	5481659	628394671	1461447489
646	16	30322	1	3	3	7	29	29	77	55	375	537	1727	375	5447	1323	28763	27653
647	32	707320954	1	1	7	5	5	55	113	107	463	875	427	3589	683	905	22515	21521	47815	238963	237461	104443	356319	2243949	1282735	13066521	23748873	34872389	62162605	225271715	278359185	572871983	2104411409	3487799783
648	16	30429	1	1	7	15	7	17	5	103	243	637	609	2459	6435	13525	21255	58395
649	32	707286143	1	3	5	13	13	39	25	49	175	535	631	673	2305	13707	11111	7125	2959	2321	411539	189239	1910215	2050381	4627911	230547	15189213	48431865	26199561	40624159	418588019	443752505	2018497601	2139887435
650	16	30457	1	3	1	1	23	19	63	211	89	557	437	3519	367	11261	25545	12639
651	32	707288187	1	3	7	13	29	45	97	217	409	1013	1315	1231	149	13319	24955	64605	76367	173905	484049	482355	1625815	418151	4356491	3082379	19896251	16057047	100452121	53720793	345128027	948056253	1785162117	1129446811
652	16	30483	1	1	7	7	19	19	91	29	447	159	1397	4055	6801	6677	13663	13757
653	32	707458329	1	1	1	1	29	3	13	11	411	327	1187	97	1947	10953	21489	57883	13275	13299	343603	550291	221903	4050025	3026779	9784641	33325341	57218817	35567805	102701655	429977769	434403407	655494547	1052743465
654	16	30490	1	3	5	1	21	43	91	101	233	573	1961	1925	3439	13325	7957	41185
655	32	707458450	1	3	1	7	27	15	125	139	25	997	1197	819	7581	14429	9755	25247	22811	35441	223255	418965	2093637	1177673	4775731	1506753	16382975	7627239	113525111	101835801	204298795	304211191	1492948785	2709615065
656	16	30681	1	3	1	7	11	23	89	43	31	951	921	439	1793	14577	28015	46871
657	32	707417435	1	1	5	5	3	31	69	15	327	501	365	3781	7949	11001	25027	36419	95523	141619	389143	102239	1490777	1638985	6754411	4288149	30077481	1741771	70929943	217928495	362488247	967228019	26112289	4097524949
658	16	30767	1	1	1	15	23	27	123	201	167	767	1903	2807	2091	1641	10501	35993
659	32	713093253	1	3	1	13	29	13	59	125	143	125	635	133	897	10195	11625	26941	52311	122145	371047	323119	2049191	709079	8112385	5039083	17509525	7326339	1101153	124545875	185876715	537143153	2014927279	2542105807
660	16	31061	1	3	7	9	5	29	35	13	171	241	979	2689	6773	729	19051	57239
661	32	713218935	1	1	1	3	7	33	69	185	147	291	997	2011	6055	13949	9869	39455	56595	76899	509475	394785	672097	556239	6846439	10008531	25068609	26143141	2276035	243224177	372327409	161333395	2030089559	4076536805
662	16	31126	1	3	1	13	11	55	53	25	197	625	1419	3695	7267	6297	11763	13073
663	32	713194430	1	3	7	9	25	55	3	55	269	289	1581	887	4545	13597	23989	52927	11219	241057	402209	467751	1709163	880613	8037581	8732305	8380419	47246299	38977103	171832333	194469519	312586623	940685679	299862709
664	16	31312	1	1	7	7	27	57	59	83	425	653	641	819	6655	14477	8165	56941
665	32	713611344	1	3	1	3	13	17	125	17	281	23	1267	15	3601	16341	2267	6211	60307	83809	56423	914849	1242411	1679915	352319	4177099	21390683	10865541	10612989	177990217	122483759	850245847	1047353233	2070873493
666	16	31368	1	3	1	15	21	33	75	25	1	711	1777	2175	7941	247	7011	47363
667	32	713587208	1	1	5	3	13	3	81	63	401	845	1957	3971	1229	6789	13161	28585	111439	26595	211559	297705	1977835	414009	2748279	5920061	6506127	29337295	106092127	156580841	205041451	656172607	475923651	3048210139
668	16	31509	1	3	5	11	3	21	63	149	69	815	1903	1281	5301	2369	11247	63037
669	32	713750839	1	3	3	3	17	57	75	163	485	231	1641	3189	3111	13549	6507	9099	14179	67489	213093	437797	1180599	1183931	2840281	8348373	13579587	27805837	47146759	99905351	293874221	562200963	830206417	509043453
670	16	31516	1	3	7	13	29	41	83	205	11	569	779	245	7985	3351	2357	60089
671	32	713750972	1	1	1	9	25	35	57	115	359	347	301	97	2301	5621	32299	63295	108907	92131	34787	440875	144171	3391153	5376735	11346593	14839329	1528373	22654843	227962267	258430943	264044143	353946913	3159591241
672	16	31667	1	1	7	9	23	63	21	117	137	417	811	671	3637	15015	21385	58707
673	32	713716153	1	3	3	3	27	21	57	241	393	659	959	621	6653	6653	29445	32919	12099	193505	493541	706789	813245	843907	6156787	12564835	28464267	51311713	108605113	248391347	466449543	51391143	1087390495	2852093693
674	16	31845	1	1	5	7	11	15	13	107	291	675	2021	3113	3997	11259	12425	16367
675	32	715183175	1	1	3	5	5	9	23	243	459	51	723	3639	5831	885	22571	27919	41099	135363	81601	299075	1377231	2483907	4588997	348957	25262957	45557861	62982773	59367505	392174825	534164667	923757185	3502653209
676	16	31975	1	1	5	1	27	1	29	63	13	153	455	2353	4317	12385	12101	23981
677	32	715150541	1	3	7	15	25	43	55	141	421	155	1233	111	2843	3579	15695	1483	7971	215489	233153	903361	698311	3107033	2191009	11047075	26805503	14773137	124525095	1317773	508656005	932568845	267991417	2464883989
678	16	31982	1	1	7	15	9	51	75	249	287	433	1531	3429	4651	8153	6495	25385
679	32	715150406	1	3	7	7	17	41	117	229	79	931	555	181	3475	12611	31473	3365	82951	239425	214721	824521	10335	2218315	8314855	5161551	15256517	55321981	11417261	147072035	81771321	135978917	1331048759	68958087
680	16	32069	1	1	5	9	29	33	47	177	225	941	1979	2081	2283	3413	3581	46577
681	32	715316583	1	3	1	13	7	59	113	255	209	887	763	2453	729	10255	22087	36463	52747	114881	432839	995151	1049693	496757	2637639	10642909	30656111	64683157	83613909	248211875	90433203	247039869	1567613721	2252801569
682	16	32171	1	1	3	5	9	33	21	119	191	83	833	913	4691	12871	2101	45129
683	32	715289889	1	1	5	15	5	27	11	53	171	99	1463	2187	1083	13885	283	19535	34891	254019	192071	150981	1618267	3165521	1115773	7335011	31435649	36279541	94179889	210994469	301466093	563562763	328612769	525438137
684	16	32365	1	3	7	5	27	19	37	39	179	185	1069	1635	4817	14375	26059	21169
685	32	715708111	1	1	1	3	21	29	15	133	127	507	1263	313	67	8673	11101	18287	99187	250499	475523	558721	125331	2090935	2451637	3727387	13558773	23497605	99590297	170063975	514994865	240558823	1068145695	1018219605
686	16	32374	1	1	1	1	5	15	71	207	69	325	1351	1901	5179	14919	31641	17737
687	32	715707486	1	3	3	15	5	19	109	241	93	575	1681	3163	399	13851	23099	39699	108227	103297	325253	134281	1990811	408217	6108363	16440491	7845951	45720325	26413935	139018233	385728185	94479237	574798989	1969185765
688	16	32450	1	3	3	11	27	15	15	89	5	49	679	1767	3641	783	10837	61053
689	32	715677386	1	3	5	3	9	47	125	37	509	609	625	1631	2611	3551	23871	30081	82839	253057	366979	170889	493455	4149693	7446691	14801247	33000759	14167579	113253939	44295485	522774029	889813049	1381132033	4234358911
690	16	32626	1	1	3	5	9	63	99	223	65	931	2029	2561	3723	14173	21171	5211
691	32	715838842	1	3	3	5	17	47	93	131	209	145	601	1305	6195	13741	24573	37175	21795	78337	433669	10243	129563	2844173	2319363	5420089	1907671	9008435	56344443	106193835	132279809	221001163	1805666983	3856792781
